Examine a clock with the lamp	{package_name: ta_survey, input_parameters: {object: {pvf_type: string, pvf_example: clock}, verb: {pvf_type: string, pvf_example: Examine}}}
Turn around	{package_name: ta_manoeuvre, input_parameters: {direction: {pvf_type: string, pvf_example: around}, verb: {pvf_type: string, pvf_example: Turn}}}
to walk to the dresser	{package_name: ta_navigation, input_parameters: {location: {pvf_type: string, pvf_example: to the dresser}, verb: {pvf_type: string, pvf_example: walk}}}
Pick up the furthest clock on the dresser to the left	{package_name: ta_pickup, input_parameters: {locale: {pvf_type: string, pvf_example: on the dresser to the left}, object: {pvf_type: string, pvf_example: furthest clock}, verb: {pvf_type: string, pvf_example: Pick up}}}
Walk to the edge of the dresser.	{package_name: ta_navigation, input_parameters: {location: {pvf_type: string, pvf_example: to the edge of the dresser}, verb: {pvf_type: string, pvf_example: Walk}}}
Turn on the lamp on the edge of the dresser	{package_name: ta_toggle, input_parameters: {locale: {pvf_type: string, pvf_example: on the edge of the dresser}, object: {pvf_type: string, pvf_example: the lamp}, state: {pvf_type: string, pvf_example: on}, verb: {pvf_type: string, pvf_example: Turn}}}
Look at a clock under a lit lamp	{package_name: ta_survey, input_parameters: {object: {pvf_type: string, pvf_example: clock}, verb: {pvf_type: string, pvf_example: Look}}}
Examine an alarm clock by the light of a lamp on a night stand	{package_name: ta_survey, input_parameters: {object: {pvf_type: string, pvf_example: an alarm clock}, verb: {pvf_type: string, pvf_example: Examine}}}
Turn around	{package_name: ta_manoeuvre, input_parameters: {direction: {pvf_type: string, pvf_example: around}, verb: {pvf_type: string, pvf_example: Turn}}}
walk a few steps	{package_name: ta_manoeuvre, input_parameters: {distance: {amount: {pvf_type: number, pvf_example: few}, unit: {pvf_type: string, pvf_example: steps}}, verb: {pvf_type: string, pvf_example: walk}}}
turn right	{package_name: ta_manoeuvre, input_parameters: {direction: {pvf_type: string, pvf_example: right}, verb: {pvf_type: string, pvf_example: turn}}}
to face dresser	{package_name: ta_orient, input_parameters: {landmark: {pvf_type: string, pvf_example: dresser}, verb: {pvf_type: string, pvf_example: face}}}
Pick up the clock that is on the dresser	{package_name: ta_pickup, input_parameters: {locale: {pvf_type: string, pvf_example: that is on the dresser}, object: {pvf_type: string, pvf_example: the clock}, verb: {pvf_type: string, pvf_example: Pick up}}}
turn left	{package_name: ta_manoeuvre, input_parameters: {direction: {pvf_type: string, pvf_example: left}, verb: {pvf_type: string, pvf_example: turn}}}
take a step	{package_name: ta_manoeuvre, input_parameters: {distance: {amount: {pvf_type: number, pvf_example: a}, unit: {pvf_type: string, pvf_example: step}}, verb: {pvf_type: string, pvf_example: take}}}
turn right to 	{package_name: ta_manoeuvre, input_parameters: {direction: {pvf_type: string, pvf_example: right}, distance: {amount: {pvf_type: number}, unit: {pvf_type: string}}, extent: {pvf_type: string}, verb: {pvf_type: string, pvf_example: turn}}}
turn right to go around dresser	{package_name: ta_navigation, input_parameters: {location: {pvf_type: string, pvf_example: to go around dresser}, verb: {pvf_type: string, pvf_example: turn}}}
face end of dresser	{package_name: ta_orient, input_parameters: {landmark: {pvf_type: string, pvf_example: end of dresser}, verb: {pvf_type: string, pvf_example: face}}}
turn the lamp on	{package_name: ta_toggle, input_parameters: {object: {pvf_type: string, pvf_example: lamp}, state: {pvf_type: string, pvf_example: on}, verb: {pvf_type: string, pvf_example: turn}}}
Examine a clock with a lamp	{package_name: ta_survey, input_parameters: {object: {pvf_type: string, pvf_example: clock}, verb: {pvf_type: string, pvf_example: Examine}}}
turn around	{package_name: ta_manoeuvre, input_parameters: {direction: {pvf_type: string, pvf_example: around}, verb: {pvf_type: string, pvf_example: turn}}}
walk over to the dresser in the far left corner	{package_name: ta_navigation, input_parameters: {location: {pvf_type: string, pvf_example: to the dresser in the far left corner}, verb: {pvf_type: string, pvf_example: walk}}}
pick up the clock that is on the dresser	{package_name: ta_pickup, input_parameters: {locale: {pvf_type: string, pvf_example: on the dresser}, object: {pvf_type: string, pvf_example: clock}, verb: {pvf_type: string, pvf_example: pick up}}}
turn the lamp on	{package_name: ta_toggle, input_parameters: {object: {pvf_type: string, pvf_example: lamp}, state: {pvf_type: string, pvf_example: on}, verb: {pvf_type: string, pvf_example: turn}}}
examine a clock with a lamp	{package_name: ta_survey, input_parameters: {object: {pvf_type: string, pvf_example: clock}, verb: {pvf_type: string, pvf_example: examine}}}
Turn around 	{package_name: ta_manoeuvre, input_parameters: {direction: {pvf_type: string, pvf_example: around}, verb: {pvf_type: string, pvf_example: Turn}}}
 and walk to the dresser at the foot of the bed.	{package_name: ta_navigation, input_parameters: {location: {pvf_type: string, pvf_example: to the dresser at the foot of the bed.}, verb: {pvf_type: string, pvf_example: walk}}}
Turn around	{package_name: ta_manouevre, input_parameters: {direction: {pvf_type: string, pvf_example: around}, verb: {pvf_type: string, pvf_example: Turn}}}
and walk to the wooden desk on the right.	{package_name: ta_navigation, input_parameters: {location: {pvf_type: string, pvf_example: to the wooden desk on the right}, verb: {pvf_type: string, pvf_example: walk}}}
Pick up the alarm clock on the dresser	{package_name: ta_pickup, input_parameters: {locale: {pvf_type: string, pvf_example: on the dresser}, object: {pvf_type: string, pvf_example: the alarm clock}, verb: {pvf_type: string, pvf_example: Pick up}}}
Take a step left	{package_name: ta_manoeuvre, input_parameters: {direction: {pvf_type: string, pvf_example: left}, distance: {amount: {pvf_type: number, pvf_example: a}, unit: {pvf_type: string, pvf_example: step}}, verb: {pvf_type: string, pvf_example: Take}}}
Turn on the lamp on the dresser	{package_name: ta_toggle, input_parameters: {locale: {pvf_type: string, pvf_example: on the dresser}, object: {pvf_type: string, pvf_example: the lamp}, state: {pvf_type: string, pvf_example: on}, verb: {pvf_type: string, pvf_example: Turn}}}
Look at an alarm clock by the light of a lamp	{package_name: ta_survey, input_parameters: {object: {pvf_type: string, pvf_example: alarm clock}, verb: {pvf_type: string, pvf_example: Look}}}
Turn	{package_name: ta_manoeuvre, input_parameters: {verb: {pvf_type: string, pvf_example: Turn}}}
and go to the dresser that is at the foot of the bed.	{package_name: ta_navigation, input_parameters: {location: {pvf_type: string, pvf_example: to the dresser that is at the foot of the bed.}, verb: {pvf_type: string, pvf_example: go}}}
Pick up the silver object that looks like an alarm clock to the right of the lamp.	{package_name: ta_pickup, input_parameters: {landmark: {pvf_type: string, pvf_example: to the right of the lamp.}, object: {pvf_type: string, pvf_example: the silver object}, verb: {pvf_type: string, pvf_example: Pick up}}}
move to your left so you are in front of the lamp that is on the dresser.	{package_name: ta_manoeuvre, input_parameters: {direction: {pvf_type: string, pvf_example: left}, extent: {pvf_type: string, pvf_example: so you are in front of the lamp that is on the dresser.}, verb: {pvf_type: string, pvf_example: move}}}
turn the lamp on so you can see the clock	{package_name: ta_toggle, input_parameters: {object: {pvf_type: string, pvf_example: lamp}, state: {pvf_type: string, pvf_example: on}, verb: {pvf_type: string, pvf_example: turn}}}
to look at clock.	{package_name: ta_survey, input_parameters: {object: {pvf_type: string, pvf_example: clock}, verb: {pvf_type: string, pvf_example: look}}}
Turn lamp on	{package_name: ta_toggle, input_parameters: {object: {pvf_type: string, pvf_example: lamp}, state: {pvf_type: string, pvf_example: on}, verb: {pvf_type: string, pvf_example: Turn}}}
Move to the wood dresser in the far right corner of the room	{package_name: ta_navigation, input_parameters: {location: {pvf_type: string, pvf_example: to the wood dresser in the far right corner of the room}, verb: {pvf_type: string, pvf_example: Move}}}
Pick up the alarm clock from the desk.	{package_name: ta_pickup, input_parameters: {locale: {pvf_type: string, pvf_example: from the desk}, object: {pvf_type: string, pvf_example: the alarm clock}, verb: {pvf_type: string, pvf_example: Pick up}}}
Pick up the clock on top of the dresser	{package_name: ta_pickup, input_parameters: {locale: {pvf_type: string, pvf_example: on top of the dresser}, object: {pvf_type: string, pvf_example: the clock}, verb: {pvf_type: string, pvf_example: Pick up}}}
Carry to clock to the left side of the dresser where the lamp is	{package_name: ta_transport, input_parameters: {location: {pvf_type: string, pvf_example: to the left side of the dresser where the lamp is}, object: {pvf_type: string, pvf_example: clock}, verb: {pvf_type: string, pvf_example: Carry}}}
turn on the lamp	{package_name: ta_toggle, input_parameters: {object: {pvf_type: string, pvf_example: lamp}, state: {pvf_type: string, pvf_example: on}, verb: {pvf_type: string, pvf_example: turn}}}
Walk across the room to the wooden dresser next to the bed	{package_name: ta_navigation, input_parameters: {location: {pvf_type: string, pvf_example:  to the wooden dresser next to the bed}, verb: {pvf_type: string, pvf_example: Walk}}}
Pick up the leftmost silver clock off of the wooden dresser	{package_name: ta_pickup, input_parameters: {locale: {pvf_type: string, pvf_example: off of the wooden dresser}, object: {pvf_type: string, pvf_example: the leftmost silver clock }, verb: {pvf_type: string, pvf_example: Pick up}}}
Turn left	{package_name: ta_manoeuvre, input_parameters: {direction: {pvf_type: string, pvf_example: left}, verb: {pvf_type: string, pvf_example: Turn}}}
and walk forward	{package_name: ta_manoeuvre, input_parameters: {direction: {pvf_type: string, pvf_example: forward}, verb: {pvf_type: string, pvf_example: walk}}}
 then turn right to face the small lamp on the dresser.	{package_name: ta_manoeuvre, input_parameters: {direction: {pvf_type: string, pvf_example: right}, verb: {pvf_type: string, pvf_example: turn}}}
to face the small lamp on the dresser.	{package_name: ta_orient, input_parameters: {landmark: {pvf_type: string, pvf_example: the small lamp on the dresser.}, verb: {pvf_type: string, pvf_example: face}}}
Turn on the light of the small lamp.	{package_name: ta_toggle, input_parameters: {object: {pvf_type: string, pvf_example: light}, state: {pvf_type: string, pvf_example: on}, verb: {pvf_type: string, pvf_example: Turn}}}
Examine a silver clock in the light of a small lamp.	{package_name: ta_survey, input_parameters: {object: {pvf_type: string, pvf_example: silver clock}, verb: {pvf_type: string, pvf_example: Examine}}}
turn right	{package_name: ta_manoeuvre, input_parameters: {direction: {pvf_type: string, pvf_example: right}, verb: {pvf_type: string, pvf_example: turn}}}
Walk forward to the window on the other side of the room	{package_name: ta_navigation, input_parameters: {location: {pvf_type: string, pvf_example: to the window on the other side of the room}, verb: {pvf_type: string, pvf_example: Walk}}}
walk to the dresser	{package_name: ta_navigation, input_parameters: {location: {pvf_type: string, pvf_example: to the dresser}, verb: {pvf_type: string, pvf_example: walk}}}
Pick up the paper weight from the dresser	{package_name: ta_pickup, input_parameters: {locale: {pvf_type: string, pvf_example: from the dresser}, object: {pvf_type: string, pvf_example: the paper weight}, verb: {pvf_type: string, pvf_example: Pick up}}}
Turn right	{package_name: ta_manouevre, input_parameters: {direction: {pvf_type: string, pvf_example: right}, verb: {pvf_type: string, pvf_example: Turn}}}
and walk forward to the lamp on the small night stand near the wall.	{package_name: ta_navigation, input_parameters: {location: {pvf_type: string, pvf_example: to the lamp on the small night stand near the wall}, verb: {pvf_type: string, pvf_example: walk}}}
Turn on the lamp that is on the corner of the dresser.	{package_name: ta_toggle, input_parameters: {locale: {pvf_type: string, pvf_example: that is on the corner of the dresser.}, object: {pvf_type: string, pvf_example: the lamp}, state: {pvf_type: string, pvf_example: on}, verb: {pvf_type: string, pvf_example: Turn}}}
Look at a paper weight under the light of a lamp	{package_name: ta_survey, input_parameters: {object: {pvf_type: string, pvf_example: paper weight}, verb: {pvf_type: string, pvf_example: Look}}}
Walk	{package_name: ta_manoeuvre, input_parameters: {verb: {pvf_type: string, pvf_example: Walk}}}
to face desk	{package_name: ta_orient, input_parameters: {landmark: {pvf_type: string, pvf_example: desk}, verb: {pvf_type: string, pvf_example: face}}}
pick up silver clock from desk	{package_name: ta_pickup, input_parameters: {locale: {pvf_type: string, pvf_example: from desk}, object: {pvf_type: string, pvf_example: silver clock}, verb: {pvf_type: string, pvf_example: pick up}}}
turn left	{package_name: ta_manoeuvre, input_parameters: {direction: {pvf_type: string, pvf_example: left}, verb: {pvf_type: string, pvf_example: turn}}}
to face lamp on desk	{package_name: ta_orient, input_parameters: {landmark: {pvf_type: string, pvf_example: on desk}, verb: {pvf_type: string, pvf_example: face}}}
turn on lamp on desk	{package_name: ta_toggle, input_parameters: {locale: {pvf_type: string, pvf_example: on desk}, object: {pvf_type: string, pvf_example: lamp}, state: {pvf_type: string, pvf_example: on}, verb: {pvf_type: string, pvf_example: turn}}}
turn on desk lamp with clock in hand	{package_name: ta_toggle, input_parameters: {object: {pvf_type: string, pvf_example: desk lamp}, state: {pvf_type: string, pvf_example: on}, verb: {pvf_type: string, pvf_example: turn}}}
Go left	{package_name: ta_manoeuvre, input_parameters: {direction: {pvf_type: string, pvf_example: left}, verb: {pvf_type: string, pvf_example: Go}}}
and turn to the right 	{package_name: ta_manoeuvre, input_parameters: {direction: {pvf_type: string, pvf_example: right}, verb: {pvf_type: string, pvf_example: turn}}}
to face the small dresser with the lamp on it.	{package_name: ta_orient, input_parameters: {landmark: {pvf_type: string, pvf_example: the small dresser with the lamp on it.}, verb: {pvf_type: string, pvf_example: face}}}
Pick the clock up from the dresser	{package_name: ta_pickup, input_parameters: {locale: {pvf_type: string, pvf_example: from the dresser}, object: {pvf_type: string, pvf_example: clock}, verb: {pvf_type: string, pvf_example: Pick}}}
Move to the left	{package_name: ta_manoeuvre, input_parameters: {direction: {pvf_type: string, pvf_example: left}, verb: {pvf_type: string, pvf_example: Move}}}
to face the lamp	{package_name: ta_orient, input_parameters: {landmark: {pvf_type: string, pvf_example: lamp}, verb: {pvf_type: string, pvf_example: face}}}
Pick up the alarm clock on top of the dresser	{package_name: ta_pickup, input_parameters: {locale: {pvf_type: string, pvf_example: on top of the dresser}, object: {pvf_type: string, pvf_example: alarm clock}, verb: {pvf_type: string, pvf_example: Pick up}}}
Turn on the lamp	{package_name: ta_toggle, input_parameters: {object: {pvf_type: string, pvf_example: the lamp}, state: {pvf_type: string, pvf_example: on}, verb: {pvf_type: string, pvf_example: Turn}}}
Turn the lamp on.	{package_name: ta_toggle, input_parameters: {object: {pvf_type: string, pvf_example: lamp}, state: {pvf_type: string, pvf_example: on}, verb: {pvf_type: string, pvf_example: Turn}}}
Pick up a clock	{package_name: ta_pickup, input_parameters: {object: {pvf_type: string, pvf_example: clock}, verb: {pvf_type: string, pvf_example: Pick up}}}
and turn a lamp on.	{package_name: ta_toggle, input_parameters: {object: {pvf_type: string, pvf_example: lamp}, state: {pvf_type: string, pvf_example: on}, verb: {pvf_type: string, pvf_example: turn}}}
Walk forward to the bed 	{package_name: ta_manoeuvre, input_parameters: {direction: {pvf_type: string, pvf_example: forward}, extent: {pvf_type: string, pvf_example: to the bed }, verb: {pvf_type: string, pvf_example: Walk}}}
then turn left	{package_name: ta_manoeuvre, input_parameters: {direction: {pvf_type: string, pvf_example: left}, verb: {pvf_type: string, pvf_example: turn}}}
then turn right	{package_name: ta_manoeuvre, input_parameters: {direction: {pvf_type: string, pvf_example: right}, verb: {pvf_type: string, pvf_example: turn}}}
then take a step to your left	{package_name: ta_manoeuvre, input_parameters: {direction: {pvf_type: string, pvf_example: left}, distance: {amount: {pvf_type: number, pvf_example: a}, unit: {pvf_type: string, pvf_example: step}}, verb: {pvf_type: string, pvf_example: take}}}
and walk to the dresser	{package_name: ta_navigation, input_parameters: {location: {pvf_type: string, pvf_example: to the dresser}, verb: {pvf_type: string, pvf_example: walk}}}
walk to the dresser	{package_name: ta_navigation, input_parameters: {extent: {pvf_type: string}, location: {pvf_type: string, pvf_example: to the laptop }, verb: {pvf_type: string, pvf_example: walk}}}
to face the lamp	{package_name: ta_orient, input_parameters: {landmark: {pvf_type: string, pvf_example: lamp}, verb: {pvf_type: string, pvf_example: face}}}
Turn on the lamp	{package_name: ta_toggle, input_parameters: {object: {pvf_type: string, pvf_example: lamp}, state: {pvf_type: string, pvf_example: on}, verb: {pvf_type: string, pvf_example: Turn}}}
Inspect a clock by lamp light	{package_name: ta_survey, input_parameters: {object: {pvf_type: string, pvf_example: clock}, verb: {pvf_type: string, pvf_example: Inspect}}}
turn right	{package_name: ta_manoeuvre, input_parameters: {direction: {pvf_type: string, pvf_example: right}, verb: {pvf_type: string, pvf_example: turn}}}
walk to the desk	{package_name: ta_navigation, input_parameters: {location: {pvf_type: string, pvf_example: to the desk}, verb: {pvf_type: string, pvf_example: walk}}}
pick up the clock that is on the desk	{package_name: ta_pickup, input_parameters: {locale: {pvf_type: string, pvf_example: on the desk}, object: {pvf_type: string, pvf_example: clock}, verb: {pvf_type: string, pvf_example: pick up }}}
Move to the left 	{package_name: ta_manoeuvre, input_parameters: {direction: {pvf_type: string, pvf_example: left}, verb: {pvf_type: string, pvf_example: Move}}}
and stand at the desk in front of the lamp	{package_name: ta_orient, input_parameters: {landmark: {pvf_type: string, pvf_example: at the desk in front of the lamp}, verb: {pvf_type: string, pvf_example: stand}}}
take two steps to the left	{package_name: ta_manoeuvre, input_parameters: {direction: {pvf_type: string, pvf_example: left}, distance: {amount: {pvf_type: number, pvf_example: two}, unit: {pvf_type: string, pvf_example: steps}}, verb: {pvf_type: string, pvf_example: take}}}
to face the lamp	{package_name: ta_orient, input_parameters: {landmark: {pvf_type: string, pvf_example: lamp}, verb: {pvf_type: string, pvf_example: face}}}
hold the clock up	{package_name: ta_pickup, input_parameters: {object: {pvf_type: string, pvf_example: clock}, verb: {pvf_type: string, pvf_example: hold}}}
turn the lamp on	{package_name: ta_toggle, input_parameters: {object: {pvf_type: string, pvf_example: lamp}, state: {pvf_type: string, pvf_example: on}, verb: {pvf_type: string, pvf_example: turn}}}
Examine an alarm clock by the light of a lamp on a night stand.	{package_name: ta_survey, input_parameters: {object: {pvf_type: string, pvf_example: an alarm clock}, verb: {pvf_type: string, pvf_example: Examine}}}
Examine a clock with a lamp	{package_name: ta_survey, input_parameters: {object: {pvf_type: string, pvf_example: clock}, verb: {pvf_type: string, pvf_example: Examine}}}
Turn the lamp on the desk on	{package_name: ta_toggle, input_parameters: {locale: {pvf_type: string, pvf_example: the desk }, object: {pvf_type: string, pvf_example: lamp}, state: {pvf_type: string, pvf_example: on}, verb: {pvf_type: string, pvf_example: Turn}}}
Pick up a clock 	{package_name: ta_pickup, input_parameters: {object: {pvf_type: string, pvf_example: clock}, verb: {pvf_type: string, pvf_example: Pick up}}}
Turn a lamp on 	{package_name: ta_toggle, input_parameters: {object: {pvf_type: string, pvf_example: lamp}, state: {pvf_type: string, pvf_example: on}, verb: {pvf_type: string, pvf_example: Turn}}}
Turn to the right	{package_name: ta_manoeuvre, input_parameters: {direction: {pvf_type: string, pvf_example: right}, verb: {pvf_type: string, pvf_example: Turn}}}
and go to the desk in front of you	{package_name: ta_navigation, input_parameters: {location: {pvf_type: string, pvf_example: to the desk in front of you}, verb: {pvf_type: string, pvf_example: go}}}
Pick up the clock that is sitting on the desk.	{package_name: ta_pickup, input_parameters: {locale: {pvf_type: string, pvf_example: on the desk}, object: {pvf_type: string, pvf_example: clock}, verb: {pvf_type: string, pvf_example: Pick up}}}
Take a step to the left 	{package_name: ta_manoeuvre, input_parameters: {direction: {pvf_type: string, pvf_example: left}, distance: {amount: {pvf_type: number, pvf_example: a}, unit: {pvf_type: string, pvf_example: step}}, verb: {pvf_type: string, pvf_example: take}}}
and continue to face the desk	{package_name: ta_orient, input_parameters: {landmark: {pvf_type: string, pvf_example: the desk}, verb: {pvf_type: string, pvf_example: face}}}
Turn on the lamp that is sitting on the desk	{package_name: ta_toggle, input_parameters: {locale: {pvf_type: string, pvf_example: on the desk}, object: {pvf_type: string, pvf_example: the lamp}, state: {pvf_type: string, pvf_example: on}, verb: {pvf_type: string, pvf_example: Turn}}}
Examine a clock by the light of a lamp	{package_name: ta_survey, input_parameters: {object: {pvf_type: string, pvf_example: clock}, verb: {pvf_type: string, pvf_example: Examine}}}
Turn around completely	{package_name: ta_manoeuvre, input_parameters: {direction: {pvf_type: string, pvf_example: around}, extent: {pvf_type: string, pvf_example: completely}, verb: {pvf_type: string, pvf_example: Turn}}}
walk forward a few steps	{package_name: ta_manoeuvre, input_parameters: {direction: {pvf_type: string, pvf_example: forward}, distance: {amount: {pvf_type: number, pvf_example: few}, unit: {pvf_type: string, pvf_example: steps}}, verb: {pvf_type: string, pvf_example: walk}}}
then turn right 	{package_name: ta_manoeuvre, input_parameters: {direction: {pvf_type: string, pvf_example: right}, verb: {pvf_type: string, pvf_example: turn}}}
and walk up to the nightstand.	{package_name: ta_navigation, input_parameters: {location: {pvf_type: string, pvf_example: to the nightstand}, verb: {pvf_type: string, pvf_example: walk}}}
Pick up the clock that is sitting on the nightstand	{package_name: ta_pickup, input_parameters: {locale: {pvf_type: string, pvf_example: on the nightstand}, object: {pvf_type: string, pvf_example: clock}, verb: {pvf_type: string, pvf_example: Pick up}}}
Turn around 	{package_name: ta_manouevre, input_parameters: {direction: {pvf_type: string, pvf_example: around}, verb: {pvf_type: string, pvf_example: Turn}}}
and walk to the wooden desk on the right.	{package_name: ta_navigation, input_parameters: {location: {pvf_type: string, pvf_example: to the wooden desk on the right}, verb: {pvf_type: string, pvf_example: walk}}}
Turn around completely,	{package_name: ta_manoeuvre, input_parameters: {direction: {pvf_type: string, pvf_example: around}, extent: {pvf_type: string, pvf_example: completely}, verb: {pvf_type: string, pvf_example: Turn}}}
walk forward a few steps	{package_name: ta_manoeuvre, input_parameters: {direction: {pvf_type: string, pvf_example: forward}, distance: {amount: {pvf_type: number, pvf_example: few}, unit: {pvf_type: string, pvf_example: steps}}, verb: {pvf_type: string, pvf_example: walk}}}
turn to the right	{package_name: ta_manoeuvre, input_parameters: {direction: {pvf_type: string, pvf_example: right}, verb: {pvf_type: string, pvf_example: turn}}}
then turn to the right	{package_name: ta_manoeuvre, input_parameters: {direction: {pvf_type: string, pvf_example: right}, verb: {pvf_type: string, pvf_example: turn}}}
walk to the wall	{package_name: ta_navigation, input_parameters: {location: {pvf_type: string, pvf_example: to the wall}, verb: {pvf_type: string, pvf_example: walk}}}
 to face the desk	{package_name: ta_orient, input_parameters: {landmark: {pvf_type: string, pvf_example: desk}, verb: {pvf_type: string, pvf_example: face}}}
Turn on the lamp that is sitting on the desk	{package_name: ta_toggle, input_parameters: {locale: {pvf_type: string, pvf_example: on the desk}, object: {pvf_type: string, pvf_example: lamp}, state: {pvf_type: string, pvf_example: on}, verb: {pvf_type: string, pvf_example: Turn}}}
Examine an alarm clock using the light of a lamp	{package_name: ta_survey, input_parameters: {object: {pvf_type: string, pvf_example: alarm clock}, verb: {pvf_type: string, pvf_example: Examine}}}
Turn around 	{package_name: ta_manoeuvre, input_parameters: {direction: {pvf_type: string, pvf_example: around}, verb: {pvf_type: string, pvf_example: Turn}}}
and walk forward just past the bed	{package_name: ta_manoeuvre, input_parameters: {direction: {pvf_type: string, pvf_example: forward}, extent: {pvf_type: string, pvf_example: just past the bed}, verb: {pvf_type: string, pvf_example: walk}}}
then turn right	{package_name: ta_manoeuvre, input_parameters: {direction: {pvf_type: string, pvf_example: right}, verb: {pvf_type: string, pvf_example: turn}}}
and walk to the small night stand to the left of the bed	{package_name: ta_navigation, input_parameters: {location: {pvf_type: string, pvf_example: to the small night stand to the left of the bed}, verb: {pvf_type: string, pvf_example: walk}}}
Pick up the alarm clock from the night stand.	{package_name: ta_pickup, input_parameters: {locale: {pvf_type: string, pvf_example: from the night stand}, object: {pvf_type: string, pvf_example: the alarm clock}, verb: {pvf_type: string, pvf_example: Pick up}}}
Turn left	{package_name: ta_manoeuvre, input_parameters: {direction: {pvf_type: string, pvf_example: left}, verb: {pvf_type: string, pvf_example: Turn}}}
and walk to the lamp on the left side of the desk.	{package_name: ta_navigation, input_parameters: {location: {pvf_type: string, pvf_example: to the lamp on the left side of the desk}, verb: {pvf_type: string, pvf_example: walk}}}
Turn on the lamp	{package_name: ta_toggle, input_parameters: {object: {pvf_type: string, pvf_example: lamp}, state: {pvf_type: string, pvf_example: on}, verb: {pvf_type: string, pvf_example: Turn}}}
Examine an alarm clock by the light of a desk lamp	{package_name: ta_survey, input_parameters: {object: {pvf_type: string, pvf_example: alarm clock}, verb: {pvf_type: string, pvf_example: Examine}}}
turn around to your left	{package_name: ta_manoeuvre, input_parameters: {direction: {pvf_type: string, pvf_example: left}, verb: {pvf_type: string, pvf_example: turn}}}
then go right at the edge of the bed 	{package_name: ta_manoeuvre, input_parameters: {direction: {pvf_type: string, pvf_example: right}, extent: {pvf_type: string, pvf_example: at the edge of the bed }, verb: {pvf_type: string, pvf_example: go}}}
walk towards the night stand	{package_name: ta_navigation, input_parameters: {location: {pvf_type: string, pvf_example: towards the night stand}, verb: {pvf_type: string, pvf_example: walk}}}
pick up alarm clock from night stand	{package_name: ta_pickup, input_parameters: {locale: {pvf_type: string, pvf_example: from night stand}, object: {pvf_type: string, pvf_example: alarm clock}, verb: {pvf_type: string, pvf_example: pick up}}}
Pick up the brown clock to the left of the cell phone on the desk.	{package_name: ta_pickup, input_parameters: {locale: {pvf_type: string, pvf_example: to the left of the cell phone on the desk}, object: {pvf_type: string, pvf_example: the brown clock}, verb: {pvf_type: string, pvf_example: Pick up}}}
turn left	{package_name: ta_manoeuvre, input_parameters: {direction: {pvf_type: string, pvf_example: left}, verb: {pvf_type: string, pvf_example: turn}}}
and turn around 	{package_name: ta_manoeuvre, input_parameters: {direction: {pvf_type: string, pvf_example: around}, verb: {pvf_type: string, pvf_example: turn}}}
walk forward	{package_name: ta_manoeuvre, input_parameters: {direction: {pvf_type: string, pvf_example: forward}, verb: {pvf_type: string, pvf_example: walk}}}
and then turn right 	{package_name: ta_manoeuvre, input_parameters: {direction: {pvf_type: string, pvf_example: right}, verb: {pvf_type: string, pvf_example: turn}}}
turn right towards the table	{package_name: ta_manoeuvre, input_parameters: {direction: {pvf_type: string, pvf_example: right}, extent: {pvf_type: string, pvf_example: towards the table}, verb: {pvf_type: string, pvf_example: turn}}}
and walk towards the trash can 	{package_name: ta_navigation, input_parameters: {location: {pvf_type: string, pvf_example: towards the trash can }, verb: {pvf_type: string, pvf_example: walk}}}
Turn around	{package_name: ta_manoeuvre, input_parameters: {direction: {pvf_type: string, pvf_example: around}, verb: {pvf_type: string, pvf_example: Turn}}}
move to the clock on the small table left of the bed	{package_name: ta_navigation, input_parameters: {location: {pvf_type: string, pvf_example: to the clock on the small table left of the bed}, verb: {pvf_type: string, pvf_example: move}}}
Pick up the clock on the table	{package_name: ta_pickup, input_parameters: {locale: {pvf_type: string, pvf_example: the table}, object: {pvf_type: string, pvf_example: clock}, verb: {pvf_type: string, pvf_example: Pick up}}}
Bring the clock to the left, to the lamp on the left side of the desk	{package_name: ta_transport, input_parameters: {location: {pvf_type: string, pvf_example: to the lamp on the left side of the desk}, object: {pvf_type: string, pvf_example: the clock}, verb: {pvf_type: string, pvf_example: Bring}}}
Turn on the lamp on the desk	{package_name: ta_toggle, input_parameters: {locale: {pvf_type: string, pvf_example: the desk}, object: {pvf_type: string, pvf_example: lamp}, state: {pvf_type: string, pvf_example: on}, verb: {pvf_type: string, pvf_example: Turn}}}
Examine the clock in the light of the lamp on the desk.	{package_name: ta_survey, input_parameters: {object: {pvf_type: string, pvf_example: clock}, verb: {pvf_type: string, pvf_example: Examine}}}
turn around	{package_name: ta_manoeuvre, input_parameters: {direction: {pvf_type: string, pvf_example: around}, verb: {pvf_type: string, pvf_example: turn}}}
go to left bedside table with clock	{package_name: ta_navigation, input_parameters: {location: {pvf_type: string, pvf_example: to left bedside table with clock}, verb: {pvf_type: string, pvf_example: go}}}
pick up clock from bedside table	{package_name: ta_pickup, input_parameters: {locale: {pvf_type: string, pvf_example: from bedside table}, object: {pvf_type: string, pvf_example: clock}, verb: {pvf_type: string, pvf_example: pick up}}}
turn left	{package_name: ta_manoeuvre, input_parameters: {direction: {pvf_type: string, pvf_example: left}, verb: {pvf_type: string, pvf_example: turn}}}
go to left end of desk with lamp	{package_name: ta_navigation, input_parameters: {location: {pvf_type: string, pvf_example: to left end of desk with lamp}, verb: {pvf_type: string, pvf_example: go}}}
turn on lamp on desk	{package_name: ta_toggle, input_parameters: {locale: {pvf_type: string, pvf_example: on desk}, object: {pvf_type: string, pvf_example: lamp}, state: {pvf_type: string, pvf_example: on}, verb: {pvf_type: string, pvf_example: turn}}}
hang a right at the door 	{package_name: ta_manouevre, input_parameters: {direction: {pvf_type: string, pvf_example: right}, locale: {pvf_type: string, pvf_example: at the door}, verb: {pvf_type: string, pvf_example: hang}}}
Turn right	{package_name: ta_navigation, input_parameters: {location: {pvf_type: string, pvf_example: right}, verb: {pvf_type: string, pvf_example: Turn}}}
and walk to the small wooden dresser on the left.	{package_name: ta_navigation, input_parameters: {location: {pvf_type: string, pvf_example: to the small wooden dresser on the left}, verb: {pvf_type: string, pvf_example: walk}}}
pick up clock	{package_name: ta_pickup, input_parameters: {object: {pvf_type: string, pvf_example: clock}, verb: {pvf_type: string, pvf_example: pick up}}}
turn on lamp	{package_name: ta_toggle, input_parameters: {object: {pvf_type: string, pvf_example: lamp}, state: {pvf_type: string, pvf_example: on}, verb: {pvf_type: string, pvf_example: turn}}}
Turn around	{package_name: ta_manoeuvre, input_parameters: {direction: {pvf_type: string, pvf_example: around}, verb: {pvf_type: string, pvf_example: turn}}}
and go to the night stand to the left of the bed	{package_name: ta_navigation, input_parameters: {location: {pvf_type: string, pvf_example: to the night stand to the left of the bed}, verb: {pvf_type: string, pvf_example: go}}}
Pick up the alarm clock on the night stand	{package_name: ta_pickup, input_parameters: {locale: {pvf_type: string, pvf_example: the night stand}, object: {pvf_type: string, pvf_example: alarm clock}, verb: {pvf_type: string, pvf_example: Pick up}}}
Turn to your left 	{package_name: ta_manoeuvre, input_parameters: {direction: {pvf_type: string, pvf_example: left}, verb: {pvf_type: string, pvf_example: Turn}}}
and go to the far end of the desk.	{package_name: ta_navigation, input_parameters: {location: {pvf_type: string, pvf_example: to the far end of the desk}, verb: {pvf_type: string, pvf_example: go}}}
Turn on the lamp on the back, left corner of the desk	{package_name: ta_toggle, input_parameters: {locale: {pvf_type: string, pvf_example:  the back, left corner of the desk}, object: {pvf_type: string, pvf_example: lamp}, state: {pvf_type: string, pvf_example: on}, verb: {pvf_type: string, pvf_example: Turn}}}
Turn on the desk lamp	{package_name: ta_toggle, input_parameters: {object: {pvf_type: string, pvf_example: desk lamp}, state: {pvf_type: string, pvf_example: on}, verb: {pvf_type: string, pvf_example: Turn}}}
turn to the left	{package_name: ta_manoeuvre, input_parameters: {direction: {pvf_type: string, pvf_example: left}, verb: {pvf_type: string, pvf_example: turn}}}
and go forward to the desk 	{package_name: ta_manoeuvre, input_parameters: {direction: {pvf_type: string, pvf_example: forward}, extent: {pvf_type: string, pvf_example: to the desk}, verb: {pvf_type: string, pvf_example: go}}}
and turn to the right 	{package_name: ta_manoeuvre, input_parameters: {direction: {pvf_type: string, pvf_example: right}, verb: {pvf_type: string, pvf_example: turn}}}
and take a step 	{package_name: ta_manoeuvre, input_parameters: {distance: {amount: {pvf_type: number, pvf_example: a}, unit: {pvf_type: string, pvf_example: step}}, verb: {pvf_type: string, pvf_example: take}}}
and turn to the left 	{package_name: ta_manoeuvre, input_parameters: {direction: {pvf_type: string, pvf_example: left}, verb: {pvf_type: string, pvf_example: turn}}}
and take a step 	{package_name: ta_manoeuvre, input_parameters: {distance: {amount: {pvf_type: number, pvf_example: a}, unit: {pvf_type: string, pvf_example: step}}, verb: {pvf_type: string, pvf_example: take}}}
and go forward to the bat	{package_name: ta_manoeuvre, input_parameters: {direction: {pvf_type: string, pvf_example: forward}, extent: {pvf_type: string, pvf_example: to the bat}, verb: {pvf_type: string, pvf_example: go}}}
Pick up the bat next to the door	{package_name: ta_pickup, input_parameters: {locale: {pvf_type: string, pvf_example: next to the door}, object: {pvf_type: string, pvf_example: bat}, verb: {pvf_type: string, pvf_example: Pick up}}}
turn to the opposite direction 	{package_name: ta_manoeuvre, input_parameters: {direction: {pvf_type: string, pvf_example: opposite direction}, verb: {pvf_type: string, pvf_example: turn}}}
and take a step	{package_name: ta_manoeuvre, input_parameters: {distance: {amount: {pvf_type: number, pvf_example: a}, unit: {pvf_type: string, pvf_example: step}}, verb: {pvf_type: string, pvf_example: take}}}
and turn to the right	{package_name: ta_manoeuvre, input_parameters: {direction: {pvf_type: string, pvf_example: right}, verb: {pvf_type: string, pvf_example: turn}}}
and turn to the right	{package_name: ta_manoeuvre, input_parameters: {direction: {pvf_type: string, pvf_example: right}, verb: {pvf_type: string, pvf_example: turn}}}
and take a step forward	{package_name: ta_manoeuvre, input_parameters: {direction: {pvf_type: string, pvf_example: forward}, distance: {amount: {pvf_type: number, pvf_example: a}, unit: {pvf_type: string, pvf_example: step}}, verb: {pvf_type: string, pvf_example: take}}}
and go forward to the bed	{package_name: ta_navigation, input_parameters: {location: {pvf_type: string, pvf_example: to the bed}, verb: {pvf_type: string, pvf_example: go}}}
turn on the lamp on the desk	{package_name: ta_toggle, input_parameters: {locale: {pvf_type: string, pvf_example: on the desk}, object: {pvf_type: string, pvf_example: the lamp}, state: {pvf_type: string, pvf_example: on}, verb: {pvf_type: string, pvf_example: turn}}}
Turn on the small lamp on the right side of the dresser.	{package_name: ta_toggle, input_parameters: {locale: {pvf_type: string, pvf_example: the right side of the dresser}, object: {pvf_type: string, pvf_example: small lamp}, state: {pvf_type: string, pvf_example: on}, verb: {pvf_type: string, pvf_example: Turn}}}
 to examine the bat	{package_name: ta_survey, input_parameters: {object: {pvf_type: string, pvf_example: the bat}, verb: {pvf_type: string, pvf_example: examine}}}
turn on the lamp 	{package_name: ta_toggle, input_parameters: {object: {pvf_type: string, pvf_example: the lamp}, state: {pvf_type: string, pvf_example: on}, verb: {pvf_type: string, pvf_example: turn}}}
Turn left 	{package_name: ta_manoeuvre, input_parameters: {direction: {pvf_type: string, pvf_example: left}, verb: {pvf_type: string, pvf_example: Turn}}}
and head towards the baseball bat on the floor.	{package_name: ta_navigation, input_parameters: {location: {pvf_type: string, pvf_example: towards the baseball bat on the floor.}, verb: {pvf_type: string, pvf_example: head}}}
Pick up the bat from the floor.	{package_name: ta_pickup, input_parameters: {locale: {pvf_type: string, pvf_example: from the floor}, object: {pvf_type: string, pvf_example: bat}, verb: {pvf_type: string, pvf_example: Pick up}}}
Turn left 	{package_name: ta_manoeuvre, input_parameters: {direction: {pvf_type: string, pvf_example: left}, verb: {pvf_type: string, pvf_example: Turn}}}
 and walk towards the lamp on the desk.	{package_name: ta_navigation, input_parameters: {location: {pvf_type: string, pvf_example: towards the lamp on the desk}, verb: {pvf_type: string, pvf_example: walk}}}
Turn on the lamp	{package_name: ta_toggle, input_parameters: {object: {pvf_type: string, pvf_example: the lamp}, state: {pvf_type: string, pvf_example: on}, verb: {pvf_type: string, pvf_example: Turn}}}
Examine a baseball bat next to the light of a desk lamp	{package_name: ta_survey, input_parameters: {object: {pvf_type: string, pvf_example: baseball bat}, verb: {pvf_type: string, pvf_example: Examine}}}
Move across the room to the right corner of the wooden desk	{package_name: ta_navigation, input_parameters: {location: {pvf_type: string, pvf_example: to the right corner of the wooden desk}, verb: {pvf_type: string, pvf_example: Move}}}
Pick up the baseball bat that is to the right of the desk on the floor	{package_name: ta_pickup, input_parameters: {locale: {pvf_type: string, pvf_example: to the right of the desk on the floor}, object: {pvf_type: string, pvf_example:  baseball bat}, verb: {pvf_type: string, pvf_example: Pick up }}}
Carry the baseball bat to the left side of the same desk where the desk lamp is on top of the desk	{package_name: ta_transport, input_parameters: {location: {pvf_type: string, pvf_example: to the left side of the same desk where the desk lamp is on top of the desk}, object: {pvf_type: string, pvf_example: baseball bat}, verb: {pvf_type: string, pvf_example: Carry}}}
Turn on the desk lamp	{package_name: ta_toggle, input_parameters: {object: {pvf_type: string, pvf_example: desk lamp}, state: {pvf_type: string, pvf_example: on}, verb: {pvf_type: string, pvf_example: Turn}}}
Examine a clock by the light of a small lamp.	{package_name: ta_survey, input_parameters: {object: {pvf_type: string, pvf_example: a clock}, verb: {pvf_type: string, pvf_example: Examine}}}
Turn to the left	{package_name: ta_manoeuvre, input_parameters: {direction: {pvf_type: string, pvf_example: left}, verb: {pvf_type: string, pvf_example: Turn}}}
go to the corner	{package_name: ta_navigation, input_parameters: {location: {pvf_type: string, pvf_example: to the corner}, verb: {pvf_type: string, pvf_example: go}}}
Pick up the baseball bat from the corner.	{package_name: ta_pickup, input_parameters: {locale: {pvf_type: string, pvf_example: from the corner}, object: {pvf_type: string, pvf_example: baseball bat}, verb: {pvf_type: string, pvf_example: Pick up}}}
Turn to the left	{package_name: ta_manoeuvre, input_parameters: {direction: {pvf_type: string, pvf_example: left}, verb: {pvf_type: string, pvf_example: Turn}}}
take a few steps	{package_name: ta_manoeuvre, input_parameters: {distance: {amount: {pvf_type: number, pvf_example: few}, unit: {pvf_type: string, pvf_example: steps}}, verb: {pvf_type: string, pvf_example: take}}}
Facing the desk	{package_name: ta_orient, input_parameters: {landmark: {pvf_type: string, pvf_example: desk}, verb: {pvf_type: string, pvf_example: Facing}}}
turn on the lamp	{package_name: ta_toggle, input_parameters: {object: {pvf_type: string, pvf_example: the lamp}, state: {pvf_type: string, pvf_example: on}, verb: {pvf_type: string, pvf_example: turn}}}
Pick up the baseball bat from the corner	{package_name: ta_pickup, input_parameters: {locale: {pvf_type: string, pvf_example: from the corner}, object: {pvf_type: string, pvf_example: the baseball bat}, verb: {pvf_type: string, pvf_example: Pick up}}}
turn on the desk lamp	{package_name: ta_toggle, input_parameters: {object: {pvf_type: string, pvf_example: desk lamp}, state: {pvf_type: string, pvf_example: on}, verb: {pvf_type: string, pvf_example: turn}}}
turn left	{package_name: ta_manoeuvre, input_parameters: {direction: {pvf_type: string, pvf_example: left}, verb: {pvf_type: string, pvf_example: turn}}}
walk across the room to the desk	{package_name: ta_navigation, input_parameters: {location: {pvf_type: string, pvf_example: to the desk}, verb: {pvf_type: string, pvf_example: walk}}}
stand facing the desk	{package_name: ta_orient, input_parameters: {landmark: {pvf_type: string, pvf_example: the desk}, verb: {pvf_type: string, pvf_example: stand}}}
pick up the bat that is in the corner	{package_name: ta_pickup, input_parameters: {locale: {pvf_type: string, pvf_example: in the corner}, object: {pvf_type: string, pvf_example: bat}, verb: {pvf_type: string, pvf_example: Pick up}}}
pick up the baseball bat from the floor	{package_name: ta_pickup, input_parameters: {locale: {pvf_type: string, pvf_example: from the floor}, object: {pvf_type: string, pvf_example: baseball bat}, verb: {pvf_type: string, pvf_example: Pick up}}}
turn left	{package_name: ta_manoeuvre, input_parameters: {direction: {pvf_type: string, pvf_example: left}, verb: {pvf_type: string, pvf_example: turn}}}
turn right	{package_name: ta_manoeuvre, input_parameters: {direction: {pvf_type: string, pvf_example: right}, verb: {pvf_type: string, pvf_example: turn}}}
walk towards the bed	{package_name: ta_navigation, input_parameters: {extent: {pvf_type: string}, location: {pvf_type: string, pvf_example: towards the bed}, verb: {pvf_type: string, pvf_example: walk}}}
to face desk and table	{package_name: ta_orient, input_parameters: {landmark: {pvf_type: string, pvf_example: desk and table}, verb: {pvf_type: string, pvf_example: face}}}
turn the lamp on	{package_name: ta_toggle, input_parameters: {object: {pvf_type: string, pvf_example: lamp}, state: {pvf_type: string, pvf_example: on}, verb: {pvf_type: string, pvf_example: turn}}}
Turn around to walk to the desk	{package_name: ta_manouevre, input_parameters: {direction: {pvf_type: string, pvf_example: around}, landmark: {pvf_type: string, pvf_example: the desk}, verb: {pvf_type: string, pvf_example: Turn}}}
turn on the lamp	{package_name: ta_toggle, input_parameters: {object: {pvf_type: string, pvf_example: lamp}, state: {pvf_type: string, pvf_example: on}, verb: {pvf_type: string, pvf_example: turn}}}
to turn it on	{package_name: ta_toggle, input_parameters: {object: {pvf_type: string, pvf_example: it}, state: {pvf_type: string, pvf_example: on}, verb: {pvf_type: string, pvf_example: turn}}}
take the bat over to the lamp to turn it on	{package_name: ta_transport, input_parameters: {location: {pvf_type: string, pvf_example: to the lamp}, object: {pvf_type: string, pvf_example: bat}, verb: {pvf_type: string, pvf_example: take}}}
Turn left	{package_name: ta_manoeuvre, input_parameters: {direction: {pvf_type: string, pvf_example: left}, verb: {pvf_type: string, pvf_example: Turn}}}
and walk to the baseball bat on the floor by the desk.	{package_name: ta_navigation, input_parameters: {location: {pvf_type: string, pvf_example: to the baseball bat on the floor by the desk.}, verb: {pvf_type: string, pvf_example: walk}}}
Walk to the lamp on the left side of the desk	{package_name: ta_navigation, input_parameters: {location: {pvf_type: string, pvf_example: to the lamp on the left side of the desk}, verb: {pvf_type: string, pvf_example: Walk}}}
Examine a baseball bat by the light of a desk lamp.	{package_name: ta_survey, input_parameters: {object: {pvf_type: string, pvf_example: baseball bat}, verb: {pvf_type: string, pvf_example: Examine}}}
Turn around 	{package_name: ta_manoeuvre, input_parameters: {direction: {pvf_type: string, pvf_example: around}, verb: {pvf_type: string, pvf_example: Turn}}}
and stand by the desk.	{package_name: ta_orient, input_parameters: {landmark: {pvf_type: string, pvf_example: the desk}, verb: {pvf_type: string, pvf_example: stand}}}
Pick up the baseball bat to the right of the desk.	{package_name: ta_pickup, input_parameters: {locale: {pvf_type: string, pvf_example: to the right of the desk}, object: {pvf_type: string, pvf_example: baseball bat}, verb: {pvf_type: string, pvf_example: Pick up}}}
Walk to the left side of the desk	{package_name: ta_navigation, input_parameters: {location: {pvf_type: string, pvf_example: to the left side of the desk}, verb: {pvf_type: string, pvf_example: Walk}}}
Turn on the lamp	{package_name: ta_toggle, input_parameters: {object: {pvf_type: string, pvf_example: the lamp}, state: {pvf_type: string, pvf_example: on}, verb: {pvf_type: string, pvf_example: Turn}}}
Examine the baseball bat using the lamp light.	{package_name: ta_survey, input_parameters: {object: {pvf_type: string, pvf_example: baseball bat}, verb: {pvf_type: string, pvf_example: Examine}}}
Pick up the clock from the desk.	{package_name: ta_pickup, input_parameters: {locale: {pvf_type: string, pvf_example: the desk}, object: {pvf_type: string, pvf_example: the clock}, verb: {pvf_type: string, pvf_example: Pick up}}}
Turn completely around 	{package_name: ta_manoeuvre, input_parameters: {direction: {pvf_type: string, pvf_example: around}, extent: {pvf_type: string, pvf_example: completely}, verb: {pvf_type: string, pvf_example: Turn}}}
and walk over to the desk.	{package_name: ta_navigation, input_parameters: {location: {pvf_type: string, pvf_example: to the desk}, verb: {pvf_type: string, pvf_example: walk}}}
Pick up the baseball bat that is on the floor to the right of the desk.	{package_name: ta_pickup, input_parameters: {locale: {pvf_type: string, pvf_example: that is on the floor to the right of the desk}, object: {pvf_type: string, pvf_example: the baseball bat}, verb: {pvf_type: string, pvf_example: Pick up}}}
Move to the other side of the desk where the lamp is sitting.	{package_name: ta_navigation, input_parameters: {location: {pvf_type: string, pvf_example: to the other side of the desk where the lamp is sitting}, verb: {pvf_type: string, pvf_example: Move}}}
Turn on the lamp	{package_name: ta_toggle, input_parameters: {object: {pvf_type: string, pvf_example: the lamp}, state: {pvf_type: string, pvf_example: on}, verb: {pvf_type: string, pvf_example: Turn}}}
Turn on the lamp	{package_name: ta_toggle, input_parameters: {object: {pvf_type: string, pvf_example: the lamp}, state: {pvf_type: string, pvf_example: on}, verb: {pvf_type: string, pvf_example: turn}}}
turn on the lamp that is on the desk	{package_name: ta_toggle, input_parameters: {locale: {pvf_type: string, pvf_example: that is on the desk}, object: {pvf_type: string, pvf_example: the lamp}, state: {pvf_type: string, pvf_example: on}, verb: {pvf_type: string, pvf_example: turn}}}
turn on the lamp at the left back corner of the desk.	{package_name: ta_toggle, input_parameters: {locale: {pvf_type: string, pvf_example: at the left back corner of the desk}, object: {pvf_type: string, pvf_example: the lamp}, state: {pvf_type: string, pvf_example: on}, verb: {pvf_type: string, pvf_example: turn}}}
Inspect a baseball bat using the light of a lamp	{package_name: ta_survey, input_parameters: {object: {pvf_type: string, pvf_example: baseball bat}, verb: {pvf_type: string, pvf_example: Inspect}}}
Move to the desk to the left of the mirror	{package_name: ta_navigation, input_parameters: {location: {pvf_type: string, pvf_example:  to the desk to the left of the mirror}, verb: {pvf_type: string, pvf_example: Move}}}
pick up a bat from the floor	{package_name: ta_pickup, input_parameters: {locale: {pvf_type: string, pvf_example: from the floor}, object: {pvf_type: string, pvf_example: bat}, verb: {pvf_type: string, pvf_example: pick up}}}
Turn right to walk to the nightstand	{package_name: ta_manouevre, input_parameters: {direction: {pvf_type: string, pvf_example: right}, verb: {pvf_type: string, pvf_example: Turn}}}
to walk to the nightstand	{package_name: ta_navigation, input_parameters: {location: {pvf_type: string, pvf_example: to the nightstand}, verb: {pvf_type: string, pvf_example: walk}}}
move to the lamp to the left of you	{package_name: ta_navigation, input_parameters: {location: {pvf_type: string, pvf_example: to the lamp to the left of you}, verb: {pvf_type: string, pvf_example: move}}}
Inspect a bat with a lamp	{package_name: ta_survey, input_parameters: {object: {pvf_type: string, pvf_example: bat}, verb: {pvf_type: string, pvf_example: Inspect}}}
Turn around	{package_name: ta_manoeuvre, input_parameters: {direction: {pvf_type: string, pvf_example: around}, verb: {pvf_type: string, pvf_example: Turn}}}
and walk to the baseball bat leaning against the wall to the right of the desk	{package_name: ta_navigation, input_parameters: {extent: {pvf_type: string}, location: {pvf_type: string, pvf_example: to the baseball bat leaning against the wall to the right of the desk}, verb: {pvf_type: string, pvf_example: walk}}}
Pick up the baseball bat, handle end up.	{package_name: ta_pickup, input_parameters: {object: {pvf_type: string, pvf_example: baseball bat}, verb: {pvf_type: string, pvf_example: Pick up}}}
Turn	{package_name: ta_manoeuvre, input_parameters: {verb: {pvf_type: string, pvf_example: Turn}}}
and carry the bat to the left side of the desk.	{package_name: ta_transport, input_parameters: {location: {pvf_type: string, pvf_example: to the left side of the desk}, object: {pvf_type: string, pvf_example: the bat}, verb: {pvf_type: string, pvf_example: carry}}}
Pick up a baseball bat	{package_name: ta_pickup, input_parameters: {object: {pvf_type: string, pvf_example: baseball bat}, verb: {pvf_type: string, pvf_example: Pick up}}}
, turn on a lamp on the desk	{package_name: ta_toggle, input_parameters: {locale: {pvf_type: string, pvf_example: on the desk}, object: {pvf_type: string, pvf_example: lamp}, state: {pvf_type: string, pvf_example: on}, verb: {pvf_type: string, pvf_example: turn}}}
Turn right	{package_name: ta_manoeuvre, input_parameters: {direction: {pvf_type: string, pvf_example: right}, verb: {pvf_type: string, pvf_example: Turn}}}
then turn left	{package_name: ta_manoeuvre, input_parameters: {direction: {pvf_type: string, pvf_example: left}, verb: {pvf_type: string, pvf_example: turn}}}
and walk to the desk.	{package_name: ta_navigation, input_parameters: {location: {pvf_type: string, pvf_example: to the desk}, verb: {pvf_type: string, pvf_example: walk}}}
step towards the door	{package_name: ta_navigation, input_parameters: {location: {pvf_type: string, pvf_example: towards the door}, verb: {pvf_type: string, pvf_example: step}}}
Pick up the baseball bat that is laying against the wall to the right of the desk.	{package_name: ta_pickup, input_parameters: {locale: {pvf_type: string, pvf_example: laying against the wall to the right of the desk}, object: {pvf_type: string, pvf_example: the baseball bat}, verb: {pvf_type: string, pvf_example: Pick up}}}
Turn left	{package_name: ta_manoeuvre, input_parameters: {direction: {pvf_type: string, pvf_example: left}, verb: {pvf_type: string, pvf_example: Turn}}}
then turn right	{package_name: ta_manoeuvre, input_parameters: {direction: {pvf_type: string, pvf_example: right}, verb: {pvf_type: string, pvf_example: turn}}}
and walk toward the bed,	{package_name: ta_navigation, input_parameters: {location: {pvf_type: string, pvf_example: toward the bed}, verb: {pvf_type: string, pvf_example: walk}}}
to face the desk	{package_name: ta_orient, input_parameters: {landmark: {pvf_type: string, pvf_example: the desk}, verb: {pvf_type: string, pvf_example: face}}}
Turn on the lamp that is on the desk.	{package_name: ta_toggle, input_parameters: {locale: {pvf_type: string, pvf_example: that is on the desk}, object: {pvf_type: string, pvf_example: the lamp}, state: {pvf_type: string, pvf_example: on}, verb: {pvf_type: string, pvf_example: Turn}}}
Carry the alarm clock to the left side of the dresser	{package_name: ta_transport, input_parameters: {location: {pvf_type: string, pvf_example: to the left side of the dresser}, object: {pvf_type: string, pvf_example: the alarm clock}, verb: {pvf_type: string, pvf_example: carry}}}
Turn on the lamp on the nightstand.	{package_name: ta_toggle, input_parameters: {locale: {pvf_type: string, pvf_example: on the nightstand}, object: {pvf_type: string, pvf_example: lamp}, state: {pvf_type: string, pvf_example: on}, verb: {pvf_type: string, pvf_example: Turn}}}
Turn on the desk lamp while holding the baseball bat.	{package_name: ta_toggle, input_parameters: {object: {pvf_type: string, pvf_example: desk lamp}, state: {pvf_type: string, pvf_example: on}, verb: {pvf_type: string, pvf_example: Turn}}}
Turn	{package_name: ta_manoeuvre, input_parameters: {verb: {pvf_type: string, pvf_example: Turn}}}
and ,move to stand at the right edge of the desk, which is closest to the wall with the door.	{package_name: ta_navigation, input_parameters: {location: {pvf_type: string, pvf_example:  to stand at the right edge of the desk, which is closest to the wall with the door}, verb: {pvf_type: string, pvf_example: move}}}
Pick up the pan on the ground between the desk and wall.	{package_name: ta_pickup, input_parameters: {locale: {pvf_type: string, pvf_example: on the ground between the desk and wall}, object: {pvf_type: string, pvf_example: pan}, verb: {pvf_type: string, pvf_example: Pick up}}}
Carry the pan to stand on the left side of the desk, which is next to a nightstand.	{package_name: ta_transport, input_parameters: {location: {pvf_type: string, pvf_example: on the left side of the desk, which is next to a nightstand}, object: {pvf_type: string, pvf_example: pan}, verb: {pvf_type: string, pvf_example: Carry}}}
Carry a pan to turn on a lamp.	{package_name: ta_toggle, input_parameters: {object: {pvf_type: string, pvf_example: lamp}, state: {pvf_type: string, pvf_example: on}, verb: {pvf_type: string, pvf_example: turn}}}
Turn to your right	{package_name: ta_manoeuvre, input_parameters: {direction: {pvf_type: string, pvf_example: right}, verb: {pvf_type: string, pvf_example: Turn}}}
and walk to the baseball bat	{package_name: ta_navigation, input_parameters: {location: {pvf_type: string, pvf_example: to the baseball bat}, verb: {pvf_type: string, pvf_example: walk}}}
Pick up the baseball bat from the ground	{package_name: ta_pickup, input_parameters: {locale: {pvf_type: string, pvf_example: from the ground}, object: {pvf_type: string, pvf_example: baseball bat}, verb: {pvf_type: string, pvf_example: Pick up}}}
Turn around 	{package_name: ta_manoeuvre, input_parameters: {direction: {pvf_type: string, pvf_example: around}, verb: {pvf_type: string, pvf_example: Turn}}}
and walk to the desk with the green lamp on it.	{package_name: ta_navigation, input_parameters: {location: {pvf_type: string, pvf_example: to the desk with the green lamp on it}, verb: {pvf_type: string, pvf_example: walk}}}
Turn on the lamp	{package_name: ta_toggle, input_parameters: {object: {pvf_type: string, pvf_example: the lamp}, state: {pvf_type: string, pvf_example: on}, verb: {pvf_type: string, pvf_example: Turn}}}
Turn on the lamp	{package_name: ta_toggle, input_parameters: {object: {pvf_type: string, pvf_example: the lamp}, state: {pvf_type: string, pvf_example: on}, verb: {pvf_type: string, pvf_example: Turn}}}
Look at a clock by a lit lamp	{package_name: ta_survey, input_parameters: {object: {pvf_type: string, pvf_example: a clock}, verb: {pvf_type: string, pvf_example: Look}}}
Turn on the lamp on the night stand	{package_name: ta_toggle, input_parameters: {locale: {pvf_type: string, pvf_example: on the night stand}, object: {pvf_type: string, pvf_example: the lamp}, state: {pvf_type: string, pvf_example: on}, verb: {pvf_type: string, pvf_example: Turn}}}
Turn on the lamp while carrying a baseball bat	{package_name: ta_toggle, input_parameters: {object: {pvf_type: string, pvf_example: lamp}, state: {pvf_type: string, pvf_example: on}, verb: {pvf_type: string, pvf_example: Turn}}}
Turn right 	{package_name: ta_manoeuvre, input_parameters: {direction: {pvf_type: string, pvf_example: right}, verb: {pvf_type: string, pvf_example: Turn}}}
and walk to the wall	{package_name: ta_navigation, input_parameters: {location: {pvf_type: string, pvf_example: to the wall}, verb: {pvf_type: string, pvf_example: walk}}}
Pick up the baseball bat	{package_name: ta_pickup, input_parameters: {object: {pvf_type: string, pvf_example: baseball bat}, verb: {pvf_type: string, pvf_example: Pick up}}}
Turn around 	{package_name: ta_manoeuvre, input_parameters: {direction: {pvf_type: string, pvf_example: around}, verb: {pvf_type: string, pvf_example: Turn}}}
and go to the nightstand	{package_name: ta_navigation, input_parameters: {location: {pvf_type: string, pvf_example: to the nightstand}, verb: {pvf_type: string, pvf_example: go}}}
Look at the baseball bat using the lamp light.	{package_name: ta_survey, input_parameters: {object: {pvf_type: string, pvf_example: the baseball bat}, verb: {pvf_type: string, pvf_example: Look}}}
Turn right	{package_name: ta_manoeuvre, input_parameters: {direction: {pvf_type: string, pvf_example: right}, verb: {pvf_type: string, pvf_example: Turn}}}
walk to the baseball bat	{package_name: ta_navigation, input_parameters: {location: {pvf_type: string, pvf_example: to the baseball bat}, verb: {pvf_type: string, pvf_example: walk}}}
Grab the baseball bat on the floor.	{package_name: ta_pickup, input_parameters: {locale: {pvf_type: string, pvf_example: on the floor}, object: {pvf_type: string, pvf_example: the baseball bat}, verb: {pvf_type: string, pvf_example: Grab}}}
Turn around	{package_name: ta_manoeuvre, input_parameters: {direction: {pvf_type: string, pvf_example: Turn}, verb: {pvf_type: string, pvf_example: around}}}
and turn right to the night stand.	{package_name: ta_manoeuvre, input_parameters: {direction: {pvf_type: string, pvf_example: right}, extent: {pvf_type: string, pvf_example: to the night stand}, verb: {pvf_type: string, pvf_example: Turn}}}
Grab the base ball bat on the floor	{package_name: ta_pickup, input_parameters: {locale: {pvf_type: string, pvf_example: on the floor}, object: {pvf_type: string, pvf_example: base ball bat}, verb: {pvf_type: string, pvf_example: Grab}}}
turn on the lamp on the night stand	{package_name: ta_toggle, input_parameters: {locale: {pvf_type: string, pvf_example: on the night stand}, object: {pvf_type: string, pvf_example: the lamp}, state: {pvf_type: string, pvf_example: on}, verb: {pvf_type: string, pvf_example: turn}}}
Walk forward to the door	{package_name: ta_manouevre, input_parameters: {direction: {pvf_type: string, pvf_example: forward}, extent: {pvf_type: string, pvf_example: to the door}, verb: {pvf_type: string, pvf_example: walk}}}
then turn right 	{package_name: ta_manouevre, input_parameters: {direction: {pvf_type: string, pvf_example: right}, verb: {pvf_type: string, pvf_example: turn}}}
and walk to the brown table.	{package_name: ta_navigation, input_parameters: {location: {pvf_type: string, pvf_example: to the table}, verb: {pvf_type: string, pvf_example: walk}}}
Go right	{package_name: ta_manoeuvre, input_parameters: {direction: {pvf_type: string, pvf_example: right}, verb: {pvf_type: string, pvf_example: Go}}}
and approach the bat on the floor by the wall.	{package_name: ta_navigation, input_parameters: {location: {pvf_type: string, pvf_example: the bat on the floor by the wall}, verb: {pvf_type: string, pvf_example: approach}}}
Pick the bat up from the floor near the wall.	{package_name: ta_pickup, input_parameters: {locale: {pvf_type: string, pvf_example: from the floor near the wall}, object: {pvf_type: string, pvf_example: the bat}, verb: {pvf_type: string, pvf_example: Pick}}}
Go right	{package_name: ta_manoeuvre, input_parameters: {direction: {pvf_type: string, pvf_example: right}, verb: {pvf_type: string, pvf_example: Go}}}
and approach the night stand with the green lamp.	{package_name: ta_navigation, input_parameters: {location: {pvf_type: string, pvf_example: the night stand with the green lamp}, verb: {pvf_type: string, pvf_example: approach}}}
Turn the lamp on the night stand on.	{package_name: ta_toggle, input_parameters: {locale: {pvf_type: string, pvf_example: on the night stand}, object: {pvf_type: string, pvf_example: the lamp}, state: {pvf_type: string, pvf_example: on}, verb: {pvf_type: string, pvf_example: Turn}}}
Turn a light on with a bat in hand.	{package_name: ta_toggle, input_parameters: {object: {pvf_type: string, pvf_example: light}, state: {pvf_type: string, pvf_example: on}, verb: {pvf_type: string, pvf_example: Turn}}}
 turn right to walk to the wall	{package_name: ta_manoeuvre, input_parameters: {direction: {pvf_type: string, pvf_example: right}, extent: {pvf_type: string, pvf_example: to the wall}, verb: {pvf_type: string, pvf_example: turn}}}
pick up the base ball bat that is resting against the wall	{package_name: ta_pickup, input_parameters: {locale: {pvf_type: string, pvf_example: that is resting against the wall}, object: {pvf_type: string, pvf_example: base ball bat}, verb: {pvf_type: string, pvf_example: pick up }}}
turn right to face the bedside table	{package_name: ta_manoeuvre, input_parameters: {direction: {pvf_type: string, pvf_example: right}, extent: {pvf_type: string, pvf_example: to face the bedside table}, verb: {pvf_type: string, pvf_example: turn}}}
turn on the desk lamp that is on the bedside table	{package_name: ta_toggle, input_parameters: {locale: {pvf_type: string, pvf_example: that is on the bedside table}, object: {pvf_type: string, pvf_example: the desk lamp}, state: {pvf_type: string, pvf_example: on}, verb: {pvf_type: string, pvf_example: turn}}}
turn on the desk lamp that is on the bedside table	{package_name: ta_toggle, input_parameters: {locale: {pvf_type: string, pvf_example: that is on the bedside table}, object: {pvf_type: string, pvf_example: the desk lamp}, state: {pvf_type: string, pvf_example: on}, verb: {pvf_type: string, pvf_example: turn}}}
Pick up the alarm clock that's in front of you.	{package_name: ta_pickup, input_parameters: {locale: {pvf_type: string, pvf_example: that's in front of you}, object: {pvf_type: string, pvf_example: the alarm clock}, verb: {pvf_type: string, pvf_example: Pick up}}}
turn on the bedside lamp while holding a base ball bat	{package_name: ta_toggle, input_parameters: {object: {pvf_type: string, pvf_example: bedside lamp}, state: {pvf_type: string, pvf_example: on}, verb: {pvf_type: string, pvf_example: turn}}}
Turn right 	{package_name: ta_manoeuvre, input_parameters: {direction: {pvf_type: string, pvf_example: right}, verb: {pvf_type: string, pvf_example: Turn}}}
and walk to the baseball bat on the floor	{package_name: ta_navigation, input_parameters: {location: {pvf_type: string, pvf_example: to the baseball bat on the floor}, verb: {pvf_type: string, pvf_example: walk}}}
Pick up the bat from the floor	{package_name: ta_pickup, input_parameters: {locale: {pvf_type: string, pvf_example: from the floor}, object: {pvf_type: string, pvf_example: the bat}, verb: {pvf_type: string, pvf_example: Pick up}}}
Turn right 	{package_name: ta_manoeuvre, input_parameters: {direction: {pvf_type: string, pvf_example: right}, verb: {pvf_type: string, pvf_example: Turn}}}
and walk to the desk lamp	{package_name: ta_navigation, input_parameters: {location: {pvf_type: string, pvf_example: to the desk lamp}, verb: {pvf_type: string, pvf_example: walk}}}
Turn on the lamp.	{package_name: ta_toggle, input_parameters: {object: {pvf_type: string, pvf_example: lamp}, state: {pvf_type: string, pvf_example: on}, verb: {pvf_type: string, pvf_example: Turn}}}
Examine a baseball bat by the light of a desk lamp.	{package_name: ta_survey, input_parameters: {object: {pvf_type: string, pvf_example: baseball bat}, verb: {pvf_type: string, pvf_example: Examine}}}
Move to the mirror next to the bat on the ground.	{package_name: ta_navigation, input_parameters: {location: {pvf_type: string, pvf_example: to the mirror next to the bat on the ground}, verb: {pvf_type: string, pvf_example: Move}}}
Pick up the bat from the ground	{package_name: ta_pickup, input_parameters: {locale: {pvf_type: string, pvf_example: from the ground}, object: {pvf_type: string, pvf_example: the bat}, verb: {pvf_type: string, pvf_example: Pick up}}}
Bring the bat to the lamp on the desk.	{package_name: ta_transport, input_parameters: {location: {pvf_type: string, pvf_example: to the lamp on the desk}, object: {pvf_type: string, pvf_example: the bat}, verb: {pvf_type: string, pvf_example: Bring}}}
Turn on the lamp on the desk.	{package_name: ta_toggle, input_parameters: {locale: {pvf_type: string, pvf_example: on the desk}, object: {pvf_type: string, pvf_example: the lamp}, state: {pvf_type: string, pvf_example: on}, verb: {pvf_type: string, pvf_example: Turn}}}
Turn on the light	{package_name: ta_toggle, input_parameters: {object: {pvf_type: string, pvf_example: the light}, state: {pvf_type: string, pvf_example: on}, verb: {pvf_type: string, pvf_example: Turn}}}
Examine the bat in by the light on the desk.	{package_name: ta_survey, input_parameters: {object: {pvf_type: string, pvf_example: the bat}, verb: {pvf_type: string, pvf_example: Examine}}}
Turn around 	{package_name: ta_manoeuvre, input_parameters: {direction: {pvf_type: string, pvf_example: around}, verb: {pvf_type: string, pvf_example: Turn}}}
then turn right	{package_name: ta_manoeuvre, input_parameters: {direction: {pvf_type: string, pvf_example: right}, verb: {pvf_type: string, pvf_example: turn}}}
and move towards the mirror on the door	{package_name: ta_navigation, input_parameters: {location: {pvf_type: string, pvf_example: the mirror on the door}, verb: {pvf_type: string, pvf_example: move}}}
and face the floor	{package_name: ta_orient, input_parameters: {landmark: {pvf_type: string, pvf_example: the floor}, verb: {pvf_type: string, pvf_example: face}}}
Turn around 	{package_name: ta_manoeuvre, input_parameters: {direction: {pvf_type: string, pvf_example: around}, verb: {pvf_type: string, pvf_example: Turn}}}
then turn right	{package_name: ta_manoeuvre, input_parameters: {direction: {pvf_type: string, pvf_example: right}, verb: {pvf_type: string, pvf_example: turn}}}
and move towards the mirror on the door	{package_name: ta_navigation, input_parameters: {location: {pvf_type: string, pvf_example: the mirror on the door}, verb: {pvf_type: string, pvf_example: move}}}
and face the corner of the room with the cord on the floor	{package_name: ta_orient, input_parameters: {landmark: {pvf_type: string, pvf_example: the corner of the room with the cord on the floor}, verb: {pvf_type: string, pvf_example: face}}}
Pick up the baseball bat from the corner of the room	{package_name: ta_pickup, input_parameters: {locale: {pvf_type: string, pvf_example: from the corner of the room}, object: {pvf_type: string, pvf_example: the baseball bat}, verb: {pvf_type: string, pvf_example: Pick up}}}
Turn right	{package_name: ta_manoeuvre, input_parameters: {direction: {pvf_type: string, pvf_example: right}, verb: {pvf_type: string, pvf_example: Turn}}}
then turn left at the bedside table	{package_name: ta_manoeuvre, input_parameters: {direction: {pvf_type: string, pvf_example: left}, extent: {pvf_type: string, pvf_example: at the bedside table}, verb: {pvf_type: string, pvf_example: Turn}}}
and move towards the bed	{package_name: ta_navigation, input_parameters: {location: {pvf_type: string, pvf_example: towards the bed}, verb: {pvf_type: string, pvf_example: move}}}
and move forward to the desk next to the potted plant.	{package_name: ta_navigation, input_parameters: {extent: {pvf_type: string}, location: {pvf_type: string, pvf_example: to the desk next to the potted plant}, verb: {pvf_type: string, pvf_example: move}}}
Turn on the desk lamp to the right of the chessboard and on the corner of the desk.	{package_name: ta_toggle, input_parameters: {locale: {pvf_type: string, pvf_example: to the right of the chessboard and on the corner of the desk}, object: {pvf_type: string, pvf_example: desk lamp}, state: {pvf_type: string, pvf_example: on}, verb: {pvf_type: string, pvf_example: Turn}}}
Examine a baseball bat using the light from a desk lamp.	{package_name: ta_survey, input_parameters: {object: {pvf_type: string, pvf_example: baseball bat}, verb: {pvf_type: string, pvf_example: Examine}}}
Move to the door.	{package_name: ta_navigation, input_parameters: {location: {pvf_type: string, pvf_example: to the door}, verb: {pvf_type: string, pvf_example: Move}}}
Grab the baseball bat that is next to the door.	{package_name: ta_pickup, input_parameters: {locale: {pvf_type: string, pvf_example: that is next to the door}, object: {pvf_type: string, pvf_example: baseball bat}, verb: {pvf_type: string, pvf_example: Grab}}}
Turn around	{package_name: ta_manoeuvre, input_parameters: {direction: {pvf_type: string, pvf_example: Turn}, verb: {pvf_type: string, pvf_example: around}}}
and move to the desk.	{package_name: ta_navigation, input_parameters: {location: {pvf_type: string, pvf_example: to the desk}, verb: {pvf_type: string, pvf_example: move}}}
and turn right towards the alarm clock on the night stand.	{package_name: ta_manouevre, input_parameters: {direction: {pvf_type: string, pvf_example: right}, verb: {pvf_type: string, pvf_example: turn}}}
Walk forward to the door 	{package_name: ta_navigation, input_parameters: {location: {pvf_type: string, pvf_example: to the door}, verb: {pvf_type: string, pvf_example: Walk}}}
Inspect a clock by lamp light.	{package_name: ta_survey, input_parameters: {object: {pvf_type: string, pvf_example: a clock}, verb: {pvf_type: string, pvf_example: Inspect}}}
Turn around 	{package_name: ta_manoeuvre, input_parameters: {direction: {pvf_type: string, pvf_example: around}, verb: {pvf_type: string, pvf_example: Turn}}}
and move to the desk	{package_name: ta_navigation, input_parameters: {location: {pvf_type: string, pvf_example: to the desk}, verb: {pvf_type: string, pvf_example: move}}}
Turn the lamp on that is on the desk.	{package_name: ta_toggle, input_parameters: {object: {pvf_type: string, pvf_example: lamp}, state: {pvf_type: string, pvf_example: on}, verb: {pvf_type: string, pvf_example: Turn}}}
Turn the light on	{package_name: ta_toggle, input_parameters: {object: {pvf_type: string, pvf_example: light}, state: {pvf_type: string, pvf_example: on}, verb: {pvf_type: string, pvf_example: Turn}}}
then to the right to the bat in the corner.	{package_name: ta_manoeuvre, input_parameters: {direction: {pvf_type: string, pvf_example: to right}, extent: {pvf_type: string, pvf_example: to the bat in the corner}}}
Turn towards the door	{package_name: ta_navigation, input_parameters: {location: {pvf_type: string, pvf_example: towards the door}, verb: {pvf_type: string, pvf_example: Turn}}}
On the floor, pick up the bat.	{package_name: ta_pickup, input_parameters: {locale: {pvf_type: string, pvf_example: on the floor}, object: {pvf_type: string, pvf_example: the bat}, verb: {pvf_type: string, pvf_example: pick}}}
then go right turning right at the desk.	{package_name: ta_manoeuvre, input_parameters: {direction: {pvf_type: string, pvf_example: right}, extent: {pvf_type: string, pvf_example: at the desk}, verb: {pvf_type: string, pvf_example: go}}}
turn left towards the lamp on the desk.	{package_name: ta_manoeuvre, input_parameters: {direction: {pvf_type: string, pvf_example: left}, extent: {pvf_type: string, pvf_example: towards the lamp on the desk}, verb: {pvf_type: string, pvf_example: turn}}}
Walk towards the bed	{package_name: ta_navigation, input_parameters: {location: {pvf_type: string, pvf_example: towards the bed}, verb: {pvf_type: string, pvf_example: walk}}}
Raise the bat	{package_name: ta_pickup, input_parameters: {object: {pvf_type: string, pvf_example: bat}, verb: {pvf_type: string, pvf_example: Raise}}}
Turn on the lamp that is sitting on the desk	{package_name: ta_toggle, input_parameters: {locale: {pvf_type: string, pvf_example: sitting on the desk}, object: {pvf_type: string, pvf_example: the lamp}, state: {pvf_type: string, pvf_example: on}, verb: {pvf_type: string, pvf_example: Turn}}}
To turn on the lamp while holding the bat.	{package_name: ta_toggle, input_parameters: {object: {pvf_type: string, pvf_example: the lamp}, state: {pvf_type: string, pvf_example: on}, verb: {pvf_type: string, pvf_example: Turn}}}
Turn around	{package_name: ta_manoeuvre, input_parameters: {direction: {pvf_type: string, pvf_example: around}, verb: {pvf_type: string, pvf_example: Turn}}}
to face the bat.	{package_name: ta_orient, input_parameters: {landmark: {pvf_type: string, pvf_example: the bat}, verb: {pvf_type: string, pvf_example: face}}}
Pick up the bat from the floor	{package_name: ta_pickup, input_parameters: {locale: {pvf_type: string, pvf_example: from the floor}, object: {pvf_type: string, pvf_example: the bat}, verb: {pvf_type: string, pvf_example: Pick up}}}
Pick up the alarm clock from the night stand.	{package_name: ta_pickup, input_parameters: {locale: {pvf_type: string, pvf_example: from the night stand}, object: {pvf_type: string, pvf_example: the alarm clock}, verb: {pvf_type: string, pvf_example: Pick up}}}
Bring the bat to the desk	{package_name: ta_transport, input_parameters: {location: {pvf_type: string, pvf_example: to the desk}, object: {pvf_type: string, pvf_example: the bat}, verb: {pvf_type: string, pvf_example: Bring}}}
Turn on the lamp on the desk.	{package_name: ta_toggle, input_parameters: {locale: {pvf_type: string, pvf_example: on the desk}, object: {pvf_type: string, pvf_example: the lamp}, state: {pvf_type: string, pvf_example: on}, verb: {pvf_type: string, pvf_example: Turn}}}
Turn on the lamp on the desk.	{package_name: ta_toggle, input_parameters: {locale: {pvf_type: string, pvf_example: on the desk}, object: {pvf_type: string, pvf_example: lamp}, state: {pvf_type: string, pvf_example: on}, verb: {pvf_type: string, pvf_example: Turn}}}
Examine the bat by the light on the desk	{package_name: ta_survey, input_parameters: {object: {pvf_type: string, pvf_example: bat}, verb: {pvf_type: string, pvf_example: Examine}}}
Turn around	{package_name: ta_manoeuvre, input_parameters: {direction: {pvf_type: string, pvf_example: around}, verb: {pvf_type: string, pvf_example: Turn}}}
to face baseball bat	{package_name: ta_orient, input_parameters: {landmark: {pvf_type: string, pvf_example: baseball bat}, verb: {pvf_type: string, pvf_example: face}}}
Pick up the baseball bat on the floor.	{package_name: ta_pickup, input_parameters: {locale: {pvf_type: string, pvf_example: on the floor}, object: {pvf_type: string, pvf_example: baseball bat}, verb: {pvf_type: string, pvf_example: pick up}}}
Turn right for 2 steps	{package_name: ta_manoeuvre, input_parameters: {direction: {pvf_type: string, pvf_example: right}, distance: {amount: {pvf_type: number, pvf_example: 2}, unit: {pvf_type: string, pvf_example: steps}}, verb: {pvf_type: string, pvf_example: Turn}}}
right again	{package_name: ta_manoeuvre, input_parameters: {direction: {pvf_type: string, pvf_example: right}}}
walk until you reach bed	{package_name: ta_manoeuvre, input_parameters: {extent: {pvf_type: string, pvf_example: until you reach bed}, verb: {pvf_type: string, pvf_example: walk}}}
turn left 	{package_name: ta_manoeuvre, input_parameters: {direction: {pvf_type: string, pvf_example: left}, verb: {pvf_type: string, pvf_example: turn}}}
walk to desk	{package_name: ta_navigation, input_parameters: {location: {pvf_type: string, pvf_example: to desk}, verb: {pvf_type: string, pvf_example: walk}}}
Turn on the lamp	{package_name: ta_toggle, input_parameters: {object: {pvf_type: string, pvf_example: the lamp}, state: {pvf_type: string, pvf_example: on}, verb: {pvf_type: string, pvf_example: Turn}}}
turn on a lamp	{package_name: ta_toggle, input_parameters: {object: {pvf_type: string, pvf_example: a lamp}, state: {pvf_type: string, pvf_example: on}, verb: {pvf_type: string, pvf_example: turn}}}
Turn to the left 	{package_name: ta_manoeuvre, input_parameters: {direction: {pvf_type: string, pvf_example: left}, verb: {pvf_type: string, pvf_example: Turn}}}
and move to the bat	{package_name: ta_navigation, input_parameters: {location: {pvf_type: string, pvf_example: to the bat}, verb: {pvf_type: string, pvf_example: move}}}
Walk around to the front of the night stand	{package_name: ta_navigation, input_parameters: {extent: {pvf_type: string}, location: {pvf_type: string, pvf_example: to the front of the night stand}, verb: {pvf_type: string, pvf_example: walk}}}
and stand in front of the lamp.	{package_name: ta_orient, input_parameters: {landmark: {pvf_type: string, pvf_example: in front of the lamp}, verb: {pvf_type: string, pvf_example: stand}}}
Pick up the bat from the corner	{package_name: ta_pickup, input_parameters: {locale: {pvf_type: string, pvf_example: from the corner}, object: {pvf_type: string, pvf_example: the bat}, verb: {pvf_type: string, pvf_example: Pick up}}}
Bring the bat to the lamp on the table	{package_name: ta_transport, input_parameters: {location: {pvf_type: string, pvf_example: to the lamp on the table}, object: {pvf_type: string, pvf_example: the bat}, verb: {pvf_type: string, pvf_example: Bring}}}
Turn on the lamp.	{package_name: ta_toggle, input_parameters: {object: {pvf_type: string, pvf_example: the lamp}, state: {pvf_type: string, pvf_example: on}, verb: {pvf_type: string, pvf_example: Turn}}}
Turn on the lamp on the table	{package_name: ta_toggle, input_parameters: {locale: {pvf_type: string, pvf_example: on the table}, object: {pvf_type: string, pvf_example: the lamp}, state: {pvf_type: string, pvf_example: on}, verb: {pvf_type: string, pvf_example: Turn}}}
Turn left 	{package_name: ta_manoeuvre, input_parameters: {direction: {pvf_type: string, pvf_example: left}, verb: {pvf_type: string, pvf_example: Turn}}}
and walk towards the bat on the floor	{package_name: ta_navigation, input_parameters: {location: {pvf_type: string, pvf_example: towards the bat on the floor}, verb: {pvf_type: string, pvf_example: walk}}}
Pick up the baseball bat from the floor	{package_name: ta_pickup, input_parameters: {locale: {pvf_type: string, pvf_example: from the floor}, object: {pvf_type: string, pvf_example: baseball bat}, verb: {pvf_type: string, pvf_example: Pick up}}}
Turn around,	{package_name: ta_manoeuvre, input_parameters: {direction: {pvf_type: string, pvf_example: around}, verb: {pvf_type: string, pvf_example: Turn}}}
and turn left towards the lamp on the desk.	{package_name: ta_manoeuvre, input_parameters: {direction: {pvf_type: string, pvf_example: left}, extent: {pvf_type: string, pvf_example: towards the lamp on the desk}, verb: {pvf_type: string, pvf_example: turn}}}
walk towards the bed,	{package_name: ta_navigation, input_parameters: {location: {pvf_type: string, pvf_example: towards the bed}, verb: {pvf_type: string, pvf_example: walk}}}
Turn on the lamp	{package_name: ta_toggle, input_parameters: {object: {pvf_type: string, pvf_example: the lamp}, state: {pvf_type: string, pvf_example: on}, verb: {pvf_type: string, pvf_example: Turn}}}
Turn on the lamp	{package_name: ta_toggle, input_parameters: {object: {pvf_type: string, pvf_example: the lamp}, state: {pvf_type: string, pvf_example: on}, verb: {pvf_type: string, pvf_example: Turn}}}
Examine a bat by the light of a lamp	{package_name: ta_survey, input_parameters: {object: {pvf_type: string, pvf_example: a bat}, verb: {pvf_type: string, pvf_example: Examine}}}
Turn on the lamp	{package_name: ta_toggle, input_parameters: {object: {pvf_type: string, pvf_example: the lamp}, state: {pvf_type: string, pvf_example: on}, verb: {pvf_type: string, pvf_example: Turn}}}
Turn left	{package_name: ta_manoeuvre, input_parameters: {direction: {pvf_type: string, pvf_example: left}, verb: {pvf_type: string, pvf_example: Turn}}}
and walk towards the baseball bat on the floor.	{package_name: ta_navigation, input_parameters: {location: {pvf_type: string, pvf_example: towards the baseball bat on the floor}, verb: {pvf_type: string, pvf_example: walk}}}
Turn right 	{package_name: ta_manoeuvre, input_parameters: {direction: {pvf_type: string, pvf_example: right}, verb: {pvf_type: string, pvf_example: Turn}}}
and walk toward the table lamp at the other end of the room.	{package_name: ta_navigation, input_parameters: {location: {pvf_type: string, pvf_example: toward the table lamp at the other end of the room}, verb: {pvf_type: string, pvf_example: walk}}}
Examine a baseball bat by the light of a table lamp.	{package_name: ta_survey, input_parameters: {object: {pvf_type: string, pvf_example: a baseball bat}, verb: {pvf_type: string, pvf_example: Examine}}}
Move to the baseketball on the pet bed	{package_name: ta_navigation, input_parameters: {location: {pvf_type: string, pvf_example: to the baseketball on the pet bed}, verb: {pvf_type: string, pvf_example: Move}}}
Pick up the basketball from the pet bed.	{package_name: ta_pickup, input_parameters: {locale: {pvf_type: string, pvf_example: from the pet bed}, object: {pvf_type: string, pvf_example: basketball}, verb: {pvf_type: string, pvf_example: Pick up}}}
Bring the basketball to the lamp on the tall white dresser.	{package_name: ta_transport, input_parameters: {location: {pvf_type: string, pvf_example: to the lamp on the tall white dresser}, object: {pvf_type: string, pvf_example: basketball}, verb: {pvf_type: string, pvf_example: Bring}}}
Turn on the lamp on the dresser.	{package_name: ta_toggle, input_parameters: {locale: {pvf_type: string, pvf_example: on the dresser}, object: {pvf_type: string, pvf_example: lamp}, state: {pvf_type: string, pvf_example: on}, verb: {pvf_type: string, pvf_example: Turn}}}
Examine the basketball in the light of the lamp.	{package_name: ta_survey, input_parameters: {object: {pvf_type: string, pvf_example: basketball}, verb: {pvf_type: string, pvf_example: Examine}}}
Take a step forward to the cushion on the floor.	{package_name: ta_manoeuvre, input_parameters: {direction: {pvf_type: string, pvf_example: forward}, distance: {amount: {pvf_type: number, pvf_example: step}, unit: {pvf_type: string, pvf_example: a}}, extent: {pvf_type: string, pvf_example: to the cushion on the floor}, verb: {pvf_type: string, pvf_example: Take}}}
Pick the basketball up off the cushion	{package_name: ta_pickup, input_parameters: {locale: {pvf_type: string, pvf_example: off the cushion}, object: {pvf_type: string, pvf_example: basketball}, verb: {pvf_type: string, pvf_example: Pick}}}
Examine an alarm clock by the light of a lamp on a night stand.	{package_name: ta_survey, input_parameters: {object: {pvf_type: string, pvf_example: an alarm clock}, verb: {pvf_type: string, pvf_example: Examine}}}
Turn right	{package_name: ta_manoeuvre, input_parameters: {direction: {pvf_type: string, pvf_example: right}, verb: {pvf_type: string, pvf_example: Turn}}}
and walk to the dresser	{package_name: ta_navigation, input_parameters: {location: {pvf_type: string, pvf_example: to the dresser}, verb: {pvf_type: string, pvf_example: walk}}}
Turn right	{package_name: ta_manoeuvre, input_parameters: {direction: {pvf_type: string, pvf_example: right}, verb: {pvf_type: string, pvf_example: Turn}}}
and walk to the dresser.	{package_name: ta_navigation, input_parameters: {location: {pvf_type: string, pvf_example: to the dresser}, verb: {pvf_type: string, pvf_example: walk}}}
Turn on the light	{package_name: ta_toggle, input_parameters: {object: {pvf_type: string, pvf_example: the light}, state: {pvf_type: string, pvf_example: on}, verb: {pvf_type: string, pvf_example: Turn}}}
Look at a basketball by the illumination of a lamp	{package_name: ta_survey, input_parameters: {object: {pvf_type: string, pvf_example: basketball}, verb: {pvf_type: string, pvf_example: Look}}}
walk straight forward	{package_name: ta_manoeuvre, input_parameters: {direction: {pvf_type: string, pvf_example: forward}, verb: {pvf_type: string, pvf_example: walk}}}
and face the basketball on your left	{package_name: ta_orient, input_parameters: {landmark: {pvf_type: string, pvf_example: the basketball on your left}, verb: {pvf_type: string, pvf_example: face}}}
pick up the basketball off of the beanbag chair	{package_name: ta_pickup, input_parameters: {locale: {pvf_type: string, pvf_example: the beanbag chair}, object: {pvf_type: string, pvf_example: basketball}, verb: {pvf_type: string, pvf_example: pick up}}}
turn right	{package_name: ta_manoeuvre, input_parameters: {direction: {pvf_type: string, pvf_example: right}, verb: {pvf_type: string, pvf_example: turn}}}
and walk to the white dresser at the end of the room	{package_name: ta_navigation, input_parameters: {location: {pvf_type: string, pvf_example: to the white dresser at the end of the room}, verb: {pvf_type: string, pvf_example: walk}}}
turn on the light on top of the dresser	{package_name: ta_toggle, input_parameters: {locale: {pvf_type: string, pvf_example: on top of the dresser}, object: {pvf_type: string, pvf_example: light}, state: {pvf_type: string, pvf_example: on}, verb: {pvf_type: string, pvf_example: Turn}}}
turn on the lamp while holding a basketball	{package_name: ta_toggle, input_parameters: {object: {pvf_type: string, pvf_example: the lamp}, state: {pvf_type: string, pvf_example: on}, verb: {pvf_type: string, pvf_example: turn}}}
Turn around 	{package_name: ta_manoeuvre, input_parameters: {direction: {pvf_type: string, pvf_example: turn}, verb: {pvf_type: string, pvf_example: around}}}
and walk towards the bean bag on the floor.	{package_name: ta_navigation, input_parameters: {location: {pvf_type: string, pvf_example: towards the bean bag on the floor}, verb: {pvf_type: string, pvf_example: walk}}}
Turn on the lamp on top of the dresser	{package_name: ta_toggle, input_parameters: {locale: {pvf_type: string, pvf_example: on top of the dresser}, object: {pvf_type: string, pvf_example: the lamp}, state: {pvf_type: string, pvf_example: on}, verb: {pvf_type: string, pvf_example: Turn}}}
turn right to face the dresser	{package_name: ta_manouevre, input_parameters: {direction: {pvf_type: string, pvf_example: right}, verb: {pvf_type: string, pvf_example: turn}}}
Pick up the basketball from the floor	{package_name: ta_pickup, input_parameters: {locale: {pvf_type: string, pvf_example: from the floor}, object: {pvf_type: string, pvf_example: basketball}, verb: {pvf_type: string, pvf_example: Pick up}}}
Turn around	{package_name: ta_manoeuvre, input_parameters: {direction: {pvf_type: string, pvf_example: Turn}, verb: {pvf_type: string, pvf_example: around}}}
and walk towards the dresser.	{package_name: ta_navigation, input_parameters: {location: {pvf_type: string, pvf_example: towards the dresser}, verb: {pvf_type: string, pvf_example: walk}}}
Turn on the lamp that is on the dresser	{package_name: ta_toggle, input_parameters: {locale: {pvf_type: string, pvf_example: that is on the dresser}, object: {pvf_type: string, pvf_example: the lamp}, state: {pvf_type: string, pvf_example: on}, verb: {pvf_type: string, pvf_example: Turn}}}
Examine a basketball by the light of a lamp	{package_name: ta_survey, input_parameters: {object: {pvf_type: string, pvf_example: basketball}, verb: {pvf_type: string, pvf_example: Examine}}}
Turn around	{package_name: ta_manoeuvre, input_parameters: {direction: {pvf_type: string, pvf_example: around}, verb: {pvf_type: string, pvf_example: Turn}}}
and walk over to the dog bed by the window	{package_name: ta_navigation, input_parameters: {location: {pvf_type: string, pvf_example: to the dog bed by the window}, verb: {pvf_type: string, pvf_example: walk}}}
Reach down and pick up the basketball from the dog bed	{package_name: ta_pickup, input_parameters: {locale: {pvf_type: string, pvf_example: from the dog bed}, object: {pvf_type: string, pvf_example: the basketball}, verb: {pvf_type: string, pvf_example: pick up}}}
Turn right	{package_name: ta_manoeuvre, input_parameters: {direction: {pvf_type: string, pvf_example: right}, verb: {pvf_type: string, pvf_example: Turn}}}
and walk to the dresser left of the bed	{package_name: ta_navigation, input_parameters: {location: {pvf_type: string, pvf_example: to the dresser left of the bed}, verb: {pvf_type: string, pvf_example: walk}}}
Turn on the lamp on the dresser	{package_name: ta_toggle, input_parameters: {locale: {pvf_type: string, pvf_example: on the dresser}, object: {pvf_type: string, pvf_example: lamp}, state: {pvf_type: string, pvf_example: on}, verb: {pvf_type: string, pvf_example: Turn}}}
Examine the basketball by light of the lamp	{package_name: ta_survey, input_parameters: {object: {pvf_type: string, pvf_example: basketball}, verb: {pvf_type: string, pvf_example: Examine}}}
Turn around to your right	{package_name: ta_manoeuvre, input_parameters: {direction: {pvf_type: string, pvf_example: right}, verb: {pvf_type: string, pvf_example: turn}}}
and stand in front of the bean bag that is on the floor.	{package_name: ta_orient, input_parameters: {landmark: {pvf_type: string, pvf_example: in front of the bean bag that is on the floor}, verb: {pvf_type: string, pvf_example: stand}}}
pick up the clock that is on the dresser	{package_name: ta_pickup, input_parameters: {locale: {pvf_type: string, pvf_example: on the dresser}, object: {pvf_type: string, pvf_example: the clock}, verb: {pvf_type: string, pvf_example: pick up}}}
Pick up the basketball from the bean bag	{package_name: ta_pickup, input_parameters: {locale: {pvf_type: string, pvf_example: from the bean bag}, object: {pvf_type: string, pvf_example: basketball}, verb: {pvf_type: string, pvf_example: Pick up}}}
Turn right	{package_name: ta_manoeuvre, input_parameters: {direction: {pvf_type: string, pvf_example: right}, verb: {pvf_type: string, pvf_example: Turn}}}
and walk over to the chest of white drawers.	{package_name: ta_navigation, input_parameters: {location: {pvf_type: string, pvf_example: the chest of white drawers}, verb: {pvf_type: string, pvf_example: walk}}}
Turn on the lamp that is on the top of the drawers.	{package_name: ta_toggle, input_parameters: {locale: {pvf_type: string, pvf_example: that is on the top of the drawers}, object: {pvf_type: string, pvf_example: the lamp}, state: {pvf_type: string, pvf_example: on}, verb: {pvf_type: string, pvf_example: Turn}}}
Turn on the lamp while holding the basketball	{package_name: ta_toggle, input_parameters: {object: {pvf_type: string, pvf_example: lamp}, state: {pvf_type: string, pvf_example: on}, verb: {pvf_type: string, pvf_example: Turn}}}
Turn on the lamp while holding the basketball	{package_name: ta_toggle, input_parameters: {object: {pvf_type: string, pvf_example: lamp}, state: {pvf_type: string, pvf_example: on}, verb: {pvf_type: string, pvf_example: Turn}}}
Turn to your left 	{package_name: ta_manoeuvre, input_parameters: {direction: {pvf_type: string, pvf_example: left}, verb: {pvf_type: string, pvf_example: Turn}}}
and walk towards the dog bed	{package_name: ta_navigation, input_parameters: {location: {pvf_type: string, pvf_example: towards the dog bed}, verb: {pvf_type: string, pvf_example: walk}}}
Turn to you right	{package_name: ta_manoeuvre, input_parameters: {direction: {pvf_type: string, pvf_example: right}, verb: {pvf_type: string, pvf_example: right}}}
and walk towards the dresser	{package_name: ta_navigation, input_parameters: {location: {pvf_type: string, pvf_example: towards the dresser}, verb: {pvf_type: string, pvf_example: walk}}}
Turn on the lamp on the dresser	{package_name: ta_toggle, input_parameters: {locale: {pvf_type: string, pvf_example: on the dresser}, object: {pvf_type: string, pvf_example: the lamp}, state: {pvf_type: string, pvf_example: on}, verb: {pvf_type: string, pvf_example: Turn}}}
Pick up a basketball	{package_name: ta_pickup, input_parameters: {object: {pvf_type: string, pvf_example: basketball}, verb: {pvf_type: string, pvf_example: Pick up}}}
 turn on a lamp	{package_name: ta_toggle, input_parameters: {object: {pvf_type: string, pvf_example: a lamp}, state: {pvf_type: string, pvf_example: on}, verb: {pvf_type: string, pvf_example: turn}}}
Pick up a basketball from the dog bed	{package_name: ta_pickup, input_parameters: {locale: {pvf_type: string, pvf_example: from the dog bed}, object: {pvf_type: string, pvf_example: basketball}, verb: {pvf_type: string, pvf_example: Pick up}}}
take a step	{package_name: ta_manoeuvre, input_parameters: {distance: {amount: {pvf_type: number, pvf_example: a}, unit: {pvf_type: string, pvf_example: step}}, verb: {pvf_type: string, pvf_example: take}}}
turn left to face the lamp on the dresser	{package_name: ta_manoeuvre, input_parameters: {direction: {pvf_type: string, pvf_example: left}, verb: {pvf_type: string, pvf_example: turn}}}
turn left	{package_name: ta_manoeuvre, input_parameters: {direction: {pvf_type: string, pvf_example: left}, verb: {pvf_type: string, pvf_example: turn}}}
take a step	{package_name: ta_manoeuvre, input_parameters: {distance: {amount: {pvf_type: number, pvf_example: a}, unit: {pvf_type: string, pvf_example: step}}, verb: {pvf_type: string, pvf_example: take}}}
turn right	{package_name: ta_manouevre, input_parameters: {direction: {pvf_type: string, pvf_example: right}, verb: {pvf_type: string, pvf_example: turn}}}
Turn around to the basketball	{package_name: ta_manoeuvre, input_parameters: {direction: {pvf_type: string, pvf_example: around}, extent: {pvf_type: string, pvf_example: to the basketball}, verb: {pvf_type: string, pvf_example: Turn}}}
Grab the basketball on the mat	{package_name: ta_pickup, input_parameters: {locale: {pvf_type: string, pvf_example: on the mat}, object: {pvf_type: string, pvf_example: basketball}, verb: {pvf_type: string, pvf_example: Grab}}}
Turn right	{package_name: ta_manoeuvre, input_parameters: {direction: {pvf_type: string, pvf_example: right}, verb: {pvf_type: string, pvf_example: Turn}}}
walk to the white cabinet	{package_name: ta_navigation, input_parameters: {location: {pvf_type: string, pvf_example: to the white cabinet}, verb: {pvf_type: string, pvf_example: walk}}}
Turn on the lamp on the cabinet	{package_name: ta_toggle, input_parameters: {locale: {pvf_type: string, pvf_example: on the cabinet}, object: {pvf_type: string, pvf_example: the lamp}, state: {pvf_type: string, pvf_example: on}, verb: {pvf_type: string, pvf_example: Turn}}}
Grab the basketball on the mat	{package_name: ta_pickup, input_parameters: {locale: {pvf_type: string, pvf_example: on the mat}, object: {pvf_type: string, pvf_example: the basketball}, verb: {pvf_type: string, pvf_example: Grab}}}
turn on the lamp on the white cabinet	{package_name: ta_toggle, input_parameters: {locale: {pvf_type: string, pvf_example: white cabinet}, object: {pvf_type: string, pvf_example: the lamp}, state: {pvf_type: string, pvf_example: on}, verb: {pvf_type: string, pvf_example: Turn}}}
Turn around	{package_name: ta_manoeuvre, input_parameters: {direction: {pvf_type: string, pvf_example: around}, verb: {pvf_type: string, pvf_example: Turn}}}
face the dog bed	{package_name: ta_orient, input_parameters: {landmark: {pvf_type: string, pvf_example: dog bed}, verb: {pvf_type: string, pvf_example: face}}}
Turn to your right	{package_name: ta_manoeuvre, input_parameters: {direction: {pvf_type: string, pvf_example: right}, verb: {pvf_type: string, pvf_example: Turn}}}
and walk towards the dresser.	{package_name: ta_navigation, input_parameters: {location: {pvf_type: string, pvf_example: towards the dresser}, verb: {pvf_type: string, pvf_example: walk}}}
Pick up the basketball from the dog bed	{package_name: ta_pickup, input_parameters: {locale: {pvf_type: string, pvf_example: from the dog bed}, object: {pvf_type: string, pvf_example: the basketball}, verb: {pvf_type: string, pvf_example: Pick up}}}
Turn on the lamp on the dresser	{package_name: ta_toggle, input_parameters: {locale: {pvf_type: string, pvf_example: on the dresser}, object: {pvf_type: string, pvf_example: the lamp}, state: {pvf_type: string, pvf_example: on}, verb: {pvf_type: string, pvf_example: Turn}}}
Turn on a lamp while holding a basketball	{package_name: ta_toggle, input_parameters: {object: {pvf_type: string, pvf_example: a lamp}, state: {pvf_type: string, pvf_example: on}, verb: {pvf_type: string, pvf_example: Turn}}}
Turn around 	{package_name: ta_manoeuvre, input_parameters: {direction: {pvf_type: string, pvf_example: around}, verb: {pvf_type: string, pvf_example: Turn}}}
and walk to the bean bag chair	{package_name: ta_navigation, input_parameters: {location: {pvf_type: string, pvf_example: to the bean bag chair}, verb: {pvf_type: string, pvf_example: walk}}}
Turn on the lamp that is on the desk	{package_name: ta_toggle, input_parameters: {locale: {pvf_type: string, pvf_example: on the desk}, object: {pvf_type: string, pvf_example: the lamp}, state: {pvf_type: string, pvf_example: on}, verb: {pvf_type: string, pvf_example: Turn}}}
Pick up the basketball that is sitting on the bean bag chair	{package_name: ta_pickup, input_parameters: {locale: {pvf_type: string, pvf_example: on the bean bag chair}, object: {pvf_type: string, pvf_example: the basketball}, verb: {pvf_type: string, pvf_example: Pick up}}}
Turn right	{package_name: ta_manoeuvre, input_parameters: {direction: {pvf_type: string, pvf_example: right}, verb: {pvf_type: string, pvf_example: Turn}}}
and head to the dresser	{package_name: ta_navigation, input_parameters: {location: {pvf_type: string, pvf_example: to the dresser}, verb: {pvf_type: string, pvf_example: head}}}
Turn on the lamp that is on the dresser	{package_name: ta_toggle, input_parameters: {locale: {pvf_type: string, pvf_example: that is on the dresser}, object: {pvf_type: string, pvf_example: the lamp}, state: {pvf_type: string, pvf_example: on}, verb: {pvf_type: string, pvf_example: Turn}}}
Examine a basketball under a lamp	{package_name: ta_survey, input_parameters: {object: {pvf_type: string, pvf_example: basketball}, verb: {pvf_type: string, pvf_example: Examine}}}
Turn around 	{package_name: ta_manoeuvre, input_parameters: {direction: {pvf_type: string, pvf_example: around}, verb: {pvf_type: string, pvf_example: Turn}}}
and go to the end of the bunk-bed to your right	{package_name: ta_navigation, input_parameters: {location: {pvf_type: string, pvf_example: to the end of the bunk-bed to your right}, verb: {pvf_type: string, pvf_example: go }}}
Pick up the basketball that is on the floor, in front of the bed	{package_name: ta_pickup, input_parameters: {locale: {pvf_type: string, pvf_example: on the floor, in front of the bed}, object: {pvf_type: string, pvf_example: the basketball}, verb: {pvf_type: string, pvf_example: Pick up}}}
Turn around	{package_name: ta_manoeuvre, input_parameters: {direction: {pvf_type: string, pvf_example: around}, verb: {pvf_type: string, pvf_example: Turn}}}
and go to the lamp an the top, left end of the desk.	{package_name: ta_navigation, input_parameters: {location: {pvf_type: string, pvf_example: to the lamp an the top, left end of the desk}, verb: {pvf_type: string, pvf_example: go}}}
Turn the lamp on while still holding the basketball.	{package_name: ta_toggle, input_parameters: {object: {pvf_type: string, pvf_example: the lamp}, state: {pvf_type: string, pvf_example: on}, verb: {pvf_type: string, pvf_example: Turn}}}
Turn on the lamp	{package_name: ta_toggle, input_parameters: {object: {pvf_type: string, pvf_example: the lamp}, state: {pvf_type: string, pvf_example: on}, verb: {pvf_type: string, pvf_example: Turn}}}
turn to the right 	{package_name: ta_manoeuvre, input_parameters: {direction: {pvf_type: string, pvf_example: right}, verb: {pvf_type: string, pvf_example: turn}}}
and take a few steps 	{package_name: ta_manoeuvre, input_parameters: {distance: {amount: {pvf_type: number, pvf_example: few}, unit: {pvf_type: string, pvf_example: steps}}, verb: {pvf_type: string, pvf_example: take}}}
and turn to the right	{package_name: ta_manoeuvre, input_parameters: {direction: {pvf_type: string, pvf_example: to the right}, verb: {pvf_type: string, pvf_example: turn}}}
and turn to the right	{package_name: ta_manoeuvre, input_parameters: {direction: {pvf_type: string, pvf_example: right}, verb: {pvf_type: string, pvf_example: turn}}}
and go to the wall	{package_name: ta_navigation, input_parameters: {location: {pvf_type: string, pvf_example: to the wall}, verb: {pvf_type: string, pvf_example: go}}}
facing a basketball on the floor	{package_name: ta_orient, input_parameters: {landmark: {pvf_type: string, pvf_example: basketball on the floor}, verb: {pvf_type: string, pvf_example: facing}}}
Examine the round container by the light of the lamp on the desk	{package_name: ta_survey, input_parameters: {object: {pvf_type: string, pvf_example: round container}, verb: {pvf_type: string, pvf_example: Examine}}}
pick up the basketball from the floor	{package_name: ta_pickup, input_parameters: {locale: {pvf_type: string, pvf_example: from the floor}, object: {pvf_type: string, pvf_example: the basketball}, verb: {pvf_type: string, pvf_example: pick up}}}
pick up the basketball from the floor	{package_name: ta_pickup, input_parameters: {locale: {pvf_type: string, pvf_example: from the floor}, object: {pvf_type: string, pvf_example: the basketball}, verb: {pvf_type: string, pvf_example: pick up}}}
turn to the right	{package_name: ta_manoeuvre, input_parameters: {direction: {pvf_type: string, pvf_example: right}, verb: {pvf_type: string, pvf_example: turn}}}
and go to the end of the desk	{package_name: ta_navigation, input_parameters: {location: {pvf_type: string, pvf_example: to the end of the desk}, verb: {pvf_type: string, pvf_example: go}}}
turn on the lamp on the top shelf of the desk	{package_name: ta_toggle, input_parameters: {locale: {pvf_type: string, pvf_example: on the top shelf of the desk}, object: {pvf_type: string, pvf_example: the lamp}, state: {pvf_type: string, pvf_example: on}, verb: {pvf_type: string, pvf_example: turn}}}
Examine a basketball by the light of a desk lamp	{package_name: ta_survey, input_parameters: {object: {pvf_type: string, pvf_example: basketball}, verb: {pvf_type: string, pvf_example: Examine}}}
walk over to the bed standing in front of the ladder	{package_name: ta_navigation, input_parameters: {location: {pvf_type: string, pvf_example: to the bed standing in front of the ladder}, verb: {pvf_type: string, pvf_example: walk}}}
Bring the basketball over to the window across the room	{package_name: ta_transport, input_parameters: {location: {pvf_type: string, pvf_example: to the window across the room}, object: {pvf_type: string, pvf_example: the basketball}, verb: {pvf_type: string, pvf_example: Bring}}}
to examine the ball	{package_name: ta_survey, input_parameters: {object: {pvf_type: string, pvf_example: ball}, verb: {pvf_type: string, pvf_example: examine}}}
turn on the lamp above	{package_name: ta_toggle, input_parameters: {locale: {pvf_type: string, pvf_example: above}, object: {pvf_type: string, pvf_example: the lamp}, state: {pvf_type: string, pvf_example: on}, verb: {pvf_type: string, pvf_example: turn}}}
Pick up a ball from the floor 	{package_name: ta_pickup, input_parameters: {locale: {pvf_type: string, pvf_example: from the floor}, object: {pvf_type: string, pvf_example: ball}, verb: {pvf_type: string, pvf_example: Pick up}}}
then examine the ball under the lamp	{package_name: ta_survey, input_parameters: {object: {pvf_type: string, pvf_example: the ball}, verb: {pvf_type: string, pvf_example: examine}}}
Turn around	{package_name: ta_manoeuvre, input_parameters: {direction: {pvf_type: string, pvf_example: around}, verb: {pvf_type: string, pvf_example: Turn}}}
and walk toward the wall between the desk and the bed	{package_name: ta_navigation, input_parameters: {location: {pvf_type: string, pvf_example: toward the wall between the desk and the bed}, verb: {pvf_type: string, pvf_example: walk}}}
Turn left	{package_name: ta_manoeuvre, input_parameters: {direction: {pvf_type: string, pvf_example: left}, verb: {pvf_type: string, pvf_example: Turn}}}
then left	{package_name: ta_manoeuvre, input_parameters: {direction: {pvf_type: string, pvf_example: left}, verb: {pvf_type: string, pvf_example: turn}}}
then turn right	{package_name: ta_manoeuvre, input_parameters: {direction: {pvf_type: string, pvf_example: right}, verb: {pvf_type: string, pvf_example: turn}}}
Go to the wooden table	{package_name: ta_navigation, input_parameters: {location: {pvf_type: string, pvf_example: to the wooden table}, verb: {pvf_type: string, pvf_example: Go}}}
Pick up the basketball from the floor	{package_name: ta_pickup, input_parameters: {locale: {pvf_type: string, pvf_example: from the floor}, object: {pvf_type: string, pvf_example: basketball}, verb: {pvf_type: string, pvf_example: Pick up}}}
Pick up the basketball on the ground	{package_name: ta_pickup, input_parameters: {locale: {pvf_type: string, pvf_example: on the ground}, object: {pvf_type: string, pvf_example: basketball}, verb: {pvf_type: string, pvf_example: Pick up}}}
Pick up the basketball on the groundfloor	{package_name: ta_pickup, input_parameters: {locale: {pvf_type: string, pvf_example: on the floor}, object: {pvf_type: string, pvf_example: basketball}, verb: {pvf_type: string, pvf_example: Pick up}}}
Turn	{package_name: ta_manoeuvre, input_parameters: {verb: {pvf_type: string, pvf_example: Turn}}}
and walk to the left side of the desk.	{package_name: ta_navigation, input_parameters: {location: {pvf_type: string, pvf_example: to the left side of the desk}, verb: {pvf_type: string, pvf_example: walk}}}
Turn on the light	{package_name: ta_toggle, input_parameters: {object: {pvf_type: string, pvf_example: the light}, state: {pvf_type: string, pvf_example: on}, verb: {pvf_type: string, pvf_example: Turn}}}
Turn on the light	{package_name: ta_toggle, input_parameters: {object: {pvf_type: string, pvf_example: the light}, state: {pvf_type: string, pvf_example: on}, verb: {pvf_type: string, pvf_example: Turn}}}
Pick up the basketball	{package_name: ta_pickup, input_parameters: {object: {pvf_type: string, pvf_example: basketball}, verb: {pvf_type: string, pvf_example: Pick up}}}
and turn on the light	{package_name: ta_toggle, input_parameters: {object: {pvf_type: string, pvf_example: the light}, state: {pvf_type: string, pvf_example: on}, verb: {pvf_type: string, pvf_example: turn}}}
Turn to the right	{package_name: ta_manoeuvre, input_parameters: {direction: {pvf_type: string, pvf_example: right}, verb: {pvf_type: string, pvf_example: Turn}}}
then turn to the right	{package_name: ta_manoeuvre, input_parameters: {direction: {pvf_type: string, pvf_example: right}, verb: {pvf_type: string, pvf_example: turn}}}
and walk to the desk	{package_name: ta_navigation, input_parameters: {location: {pvf_type: string, pvf_example: to the desk}, verb: {pvf_type: string, pvf_example: walk}}}
and walk towards the bunk beds.	{package_name: ta_navigation, input_parameters: {location: {pvf_type: string, pvf_example: towards the bunk beds}, verb: {pvf_type: string, pvf_example: walk}}}
Turn to the right	{package_name: ta_manoeuvre, input_parameters: {direction: {pvf_type: string, pvf_example: right}, verb: {pvf_type: string, pvf_example: Turn}}}
then turn right	{package_name: ta_manoeuvre, input_parameters: {direction: {pvf_type: string, pvf_example: right}, verb: {pvf_type: string, pvf_example: turn}}}
and walk to the trash bin.	{package_name: ta_navigation, input_parameters: {location: {pvf_type: string, pvf_example: to the trash bin}, verb: {pvf_type: string, pvf_example: walk}}}
Carry the basketball to the other side of the room	{package_name: ta_transport, input_parameters: {location: {pvf_type: string, pvf_example: to the other side of the room}, object: {pvf_type: string, pvf_example: the basketball}, verb: {pvf_type: string, pvf_example: Carry}}}
Pick up the round object on the table	{package_name: ta_pickup, input_parameters: {locale: {pvf_type: string, pvf_example: on the table}, object: {pvf_type: string, pvf_example: round object}, verb: {pvf_type: string, pvf_example: Pick up}}}
Turn around	{package_name: ta_manoeuvre, input_parameters: {direction: {pvf_type: string, pvf_example: around}, verb: {pvf_type: string, pvf_example: Turn}}}
and walk to the end of the desk.	{package_name: ta_navigation, input_parameters: {extent: {pvf_type: string}, location: {pvf_type: string, pvf_example: to the end of the desk}, verb: {pvf_type: string, pvf_example: walk}}}
and face them.	{package_name: ta_orient, input_parameters: {landmark: {pvf_type: string, pvf_example: them}, verb: {pvf_type: string, pvf_example: face}}}
View a basketball under illumination.	{package_name: ta_survey, input_parameters: {object: {pvf_type: string, pvf_example: a basketball}, verb: {pvf_type: string, pvf_example: View}}}
Turn around 	{package_name: ta_manoeuvre, input_parameters: {direction: {pvf_type: string, pvf_example: Turn}, verb: {pvf_type: string, pvf_example: around}}}
then turn right	{package_name: ta_manoeuvre, input_parameters: {direction: {pvf_type: string, pvf_example: right}, verb: {pvf_type: string, pvf_example: turn}}}
and walk to the wall	{package_name: ta_navigation, input_parameters: {location: {pvf_type: string, pvf_example: to the wall}, verb: {pvf_type: string, pvf_example: walk}}}
to face the bunk beds	{package_name: ta_orient, input_parameters: {landmark: {pvf_type: string, pvf_example: the bunk beds}, verb: {pvf_type: string, pvf_example: face}}}
Pick the basketball up from the floor	{package_name: ta_pickup, input_parameters: {locale: {pvf_type: string, pvf_example: from the floor}, object: {pvf_type: string, pvf_example: basketball}, verb: {pvf_type: string, pvf_example: Pick}}}
Turn right	{package_name: ta_manoeuvre, input_parameters: {direction: {pvf_type: string, pvf_example: right}, verb: {pvf_type: string, pvf_example: Turn}}}
and walk to the end of the desk	{package_name: ta_navigation, input_parameters: {location: {pvf_type: string, pvf_example: to the end of the desk}, verb: {pvf_type: string, pvf_example: walk}}}
Turn on the light	{package_name: ta_toggle, input_parameters: {object: {pvf_type: string, pvf_example: the light}, state: {pvf_type: string, pvf_example: on}, verb: {pvf_type: string, pvf_example: Turn}}}
Look at a basketball in the light	{package_name: ta_survey, input_parameters: {object: {pvf_type: string, pvf_example: basketball}, verb: {pvf_type: string, pvf_example: Look}}}
Turn around	{package_name: ta_manoeuvre, input_parameters: {direction: {pvf_type: string, pvf_example: around}, verb: {pvf_type: string, pvf_example: Turn}}}
and walk past the desk to the end of the bed	{package_name: ta_navigation, input_parameters: {extent: {pvf_type: string, pvf_example: past the desk}, location: {pvf_type: string, pvf_example: to the end of the bed}, verb: {pvf_type: string, pvf_example: walk}}}
Pick up the basketball from the ground	{package_name: ta_pickup, input_parameters: {locale: {pvf_type: string, pvf_example: from the ground}, object: {pvf_type: string, pvf_example: the basketball}, verb: {pvf_type: string, pvf_example: Pick up}}}
Turn	{package_name: ta_manoeuvre, input_parameters: {verb: {pvf_type: string, pvf_example: Turn}}}
and walk over to the left side of the desk	{package_name: ta_navigation, input_parameters: {location: {pvf_type: string, pvf_example: to the left side of the desk}, verb: {pvf_type: string, pvf_example: walk}}}
Turn around	{package_name: ta_manoeuvre, input_parameters: {direction: {pvf_type: string, pvf_example: around}, verb: {pvf_type: string, pvf_example: Turn}}}
then turn right	{package_name: ta_manoeuvre, input_parameters: {direction: {pvf_type: string, pvf_example: turn}, verb: {pvf_type: string, pvf_example: right}}}
then turn right 	{package_name: ta_manoeuvre, input_parameters: {direction: {pvf_type: string, pvf_example: right}, verb: {pvf_type: string, pvf_example: turn}}}
Go to the lamp	{package_name: ta_navigation, input_parameters: {location: {pvf_type: string, pvf_example: to the lamp}, verb: {pvf_type: string, pvf_example: go}}}
Turn on the lamp	{package_name: ta_toggle, input_parameters: {object: {pvf_type: string, pvf_example: the lamp}, state: {pvf_type: string, pvf_example: on}, verb: {pvf_type: string, pvf_example: Turn}}}
Turn on the lamp	{package_name: ta_toggle, input_parameters: {object: {pvf_type: string, pvf_example: the lamp}, state: {pvf_type: string, pvf_example: on}, verb: {pvf_type: string, pvf_example: Turn}}}
Turn on the lamp	{package_name: ta_toggle, input_parameters: {object: {pvf_type: string, pvf_example: the lamp}, state: {pvf_type: string, pvf_example: on}, verb: {pvf_type: string, pvf_example: Turn}}}
Examine the basketball under the light of the lamp	{package_name: ta_survey, input_parameters: {object: {pvf_type: string, pvf_example: basketball}, verb: {pvf_type: string, pvf_example: Examine}}}
Turn around 	{package_name: ta_manoeuvre, input_parameters: {direction: {pvf_type: string, pvf_example: around}, verb: {pvf_type: string, pvf_example: Turn}}}
and walk to the basketball on the floor by the bed	{package_name: ta_navigation, input_parameters: {location: {pvf_type: string, pvf_example: to the basketball on the floor by the bed}, verb: {pvf_type: string, pvf_example: walk}}}
Pick up the basketball from the floor	{package_name: ta_pickup, input_parameters: {locale: {pvf_type: string, pvf_example: from the floor}, object: {pvf_type: string, pvf_example: basketball}, verb: {pvf_type: string, pvf_example: Pick up}}}
Turn right	{package_name: ta_manoeuvre, input_parameters: {direction: {pvf_type: string, pvf_example: right}, verb: {pvf_type: string, pvf_example: Turn}}}
and walk to the front of the lamp on the desk	{package_name: ta_navigation, input_parameters: {location: {pvf_type: string, pvf_example: to the front of the lamp on the desk}, verb: {pvf_type: string, pvf_example: walk}}}
Examine a basketball by the light of a desk lamp	{package_name: ta_survey, input_parameters: {object: {pvf_type: string, pvf_example: basketball}, verb: {pvf_type: string, pvf_example: Examine}}}
examine a basketball with a lamp	{package_name: ta_survey, input_parameters: {object: {pvf_type: string, pvf_example: basketball}, verb: {pvf_type: string, pvf_example: examine}}}
Turn right	{package_name: ta_manoeuvre, input_parameters: {direction: {pvf_type: string, pvf_example: right}, verb: {pvf_type: string, pvf_example: Turn}}}
turn right 	{package_name: ta_manoeuvre, input_parameters: {direction: {pvf_type: string, pvf_example: right}, verb: {pvf_type: string, pvf_example: turn}}}
turn right	{package_name: ta_manoeuvre, input_parameters: {direction: {pvf_type: string, pvf_example: right}, verb: {pvf_type: string, pvf_example: turn}}}
to face desk	{package_name: ta_orient, input_parameters: {landmark: {pvf_type: string, pvf_example: desk}, verb: {pvf_type: string, pvf_example: face}}}
 to face wall	{package_name: ta_orient, input_parameters: {landmark: {pvf_type: string, pvf_example: wall}, verb: {pvf_type: string, pvf_example: face}}}
to face bed	{package_name: ta_orient, input_parameters: {landmark: {pvf_type: string, pvf_example: bed}, verb: {pvf_type: string, pvf_example: face}}}
Turn on the lamp	{package_name: ta_toggle, input_parameters: {object: {pvf_type: string, pvf_example: the lamp}, state: {pvf_type: string, pvf_example: on}, verb: {pvf_type: string, pvf_example: Turn}}}
Pick up basketball that is on the floor	{package_name: ta_pickup, input_parameters: {locale: {pvf_type: string, pvf_example: on the floor}, object: {pvf_type: string, pvf_example: basketball}, verb: {pvf_type: string, pvf_example: Pick up}}}
turn right	{package_name: ta_manoeuvre, input_parameters: {direction: {pvf_type: string, pvf_example: turn}, verb: {pvf_type: string, pvf_example: right}}}
walk forward	{package_name: ta_manoeuvre, input_parameters: {direction: {pvf_type: string, pvf_example: forward}, verb: {pvf_type: string, pvf_example: walk}}}
turn right after the desk	{package_name: ta_manoeuvre, input_parameters: {direction: {pvf_type: string, pvf_example: right}, extent: {pvf_type: string, pvf_example: after desk}, verb: {pvf_type: string, pvf_example: turn}}}
walk forward	{package_name: ta_manoeuvre, input_parameters: {direction: {pvf_type: string, pvf_example: forward}, verb: {pvf_type: string, pvf_example: walk}}}
Walk forward	{package_name: ta_manoeuvre, input_parameters: {direction: {pvf_type: string, pvf_example: forward}, verb: {pvf_type: string, pvf_example: Walk}}}
turn right	{package_name: ta_manoeuvre, input_parameters: {direction: {pvf_type: string, pvf_example: right}, verb: {pvf_type: string, pvf_example: turn}}}
 walk forward	{package_name: ta_manoeuvre, input_parameters: {direction: {pvf_type: string, pvf_example: forward}, verb: {pvf_type: string, pvf_example: walk}}}
turn right	{package_name: ta_manoeuvre, input_parameters: {direction: {pvf_type: string, pvf_example: right}, verb: {pvf_type: string, pvf_example: turn}}}
 stand in front of the basket ball	{package_name: ta_orient, input_parameters: {landmark: {pvf_type: string, pvf_example: in front of the basketball}, verb: {pvf_type: string, pvf_example: stand}}}
Pick up the basket ball from the floor	{package_name: ta_pickup, input_parameters: {locale: {pvf_type: string, pvf_example: from the floor}, object: {pvf_type: string, pvf_example: basket ball}, verb: {pvf_type: string, pvf_example: Pick up}}}
Pick up the basketball on the floor	{package_name: ta_pickup, input_parameters: {locale: {pvf_type: string, pvf_example: on the floor}, object: {pvf_type: string, pvf_example: basketball}, verb: {pvf_type: string, pvf_example: Pick up}}}
Pick up the basketball on the floor	{package_name: ta_pickup, input_parameters: {locale: {pvf_type: string, pvf_example: on the floor}, object: {pvf_type: string, pvf_example: basketball}, verb: {pvf_type: string, pvf_example: Pick up}}}
Turn around	{package_name: ta_manoeuvre, input_parameters: {direction: {pvf_type: string, pvf_example: around}, verb: {pvf_type: string, pvf_example: Turn}}}
walk forward	{package_name: ta_manoeuvre, input_parameters: {direction: {pvf_type: string, pvf_example: forward}, verb: {pvf_type: string, pvf_example: walk}}}
 stand in front of the garbage can.	{package_name: ta_orient, input_parameters: {landmark: {pvf_type: string, pvf_example: in front of the garbage can}, verb: {pvf_type: string, pvf_example: stand}}}
Pick up the basketball from the floor to hold it above the trash can.	{package_name: ta_pickup, input_parameters: {locale: {pvf_type: string, pvf_example: from the floor}, object: {pvf_type: string, pvf_example: basketball}, verb: {pvf_type: string, pvf_example: Pick up}}}
turn right towards the basketball on the floor.	{package_name: ta_manoeuvre, input_parameters: {direction: {pvf_type: string, pvf_example: right}, extent: {pvf_type: string, pvf_example: towards the basketball on the floor}, verb: {pvf_type: string, pvf_example: turn}}}
Walk towards the white box on the floor	{package_name: ta_navigation, input_parameters: {location: {pvf_type: string, pvf_example: towards the white box on the floor}, verb: {pvf_type: string, pvf_example: Walk}}}
Pick up the basketball on the floor.	{package_name: ta_pickup, input_parameters: {locale: {pvf_type: string, pvf_example: on the floor}, object: {pvf_type: string, pvf_example: basketball}, verb: {pvf_type: string, pvf_example: Pick up}}}
Pick up an object	{package_name: ta_pickup, input_parameters: {object: {pvf_type: string, pvf_example: an object}, verb: {pvf_type: string, pvf_example: Pick up}}}
turn on a lamp	{package_name: ta_toggle, input_parameters: {object: {pvf_type: string, pvf_example: a lamp}, state: {pvf_type: string, pvf_example: on}, verb: {pvf_type: string, pvf_example: turn}}}
Turn around	{package_name: ta_manoeuvre, input_parameters: {direction: {pvf_type: string, pvf_example: around}, verb: {pvf_type: string, pvf_example: Turn}}}
walk towards the metal bin on the right.	{package_name: ta_navigation, input_parameters: {location: {pvf_type: string, pvf_example: towards the metal bin on the right}, verb: {pvf_type: string, pvf_example: walk}}}
walk forwards towards the box	{package_name: ta_manoeuvre, input_parameters: {direction: {pvf_type: string, pvf_example: forwards}, extent: {pvf_type: string, pvf_example: towards the box}, verb: {pvf_type: string, pvf_example: walk}}}
 turn right	{package_name: ta_manoeuvre, input_parameters: {direction: {pvf_type: string, pvf_example: right}, verb: {pvf_type: string, pvf_example: turn}}}
 turn right	{package_name: ta_manoeuvre, input_parameters: {direction: {pvf_type: string, pvf_example: right}, verb: {pvf_type: string, pvf_example: turn}}}
pick up the basketball that is on the floor	{package_name: ta_pickup, input_parameters: {locale: {pvf_type: string, pvf_example: on the floor}, object: {pvf_type: string, pvf_example: the basketball}, verb: {pvf_type: string, pvf_example: pick up}}}
turn right	{package_name: ta_manoeuvre, input_parameters: {direction: {pvf_type: string, pvf_example: right}, verb: {pvf_type: string, pvf_example: turn}}}
walk forward	{package_name: ta_manoeuvre, input_parameters: {direction: {pvf_type: string, pvf_example: forward}, verb: {pvf_type: string, pvf_example: walk}}}
 turn right after the desk	{package_name: ta_manoeuvre, input_parameters: {direction: {pvf_type: string, pvf_example: right}, extent: {pvf_type: string, pvf_example: after the desk}, verb: {pvf_type: string, pvf_example: turn}}}
turn the lamp on	{package_name: ta_toggle, input_parameters: {object: {pvf_type: string, pvf_example: the lamp}, state: {pvf_type: string, pvf_example: on}, verb: {pvf_type: string, pvf_example: turn}}}
examine a basketball with a lamp	{package_name: ta_survey, input_parameters: {object: {pvf_type: string, pvf_example: basketball}, verb: {pvf_type: string, pvf_example: examine}}}
Move towards the empty box in the corner of the room	{package_name: ta_navigation, input_parameters: {location: {pvf_type: string, pvf_example: towards the  empty box in the corner of the room}, verb: {pvf_type: string, pvf_example: Move}}}
Pick up the basketball next to the box on the floor	{package_name: ta_pickup, input_parameters: {locale: {pvf_type: string, pvf_example: next to the box on the floor}, object: {pvf_type: string, pvf_example: the basketball}, verb: {pvf_type: string, pvf_example: Pick up}}}
Carry the basketball to the lamp sitting on top of the dresser	{package_name: ta_transport, input_parameters: {location: {pvf_type: string, pvf_example: to the lamp sitting on top of the dresser}, object: {pvf_type: string, pvf_example: basketball}, verb: {pvf_type: string, pvf_example: Carry}}}
Carry a basketball while turning on a lamp	{package_name: ta_transport, input_parameters: {object: {pvf_type: string, pvf_example: basketball}, verb: {pvf_type: string, pvf_example: Carry}}}
Carry an alarm clock while turning on a lamp	{package_name: ta_transport, input_parameters: {object: {pvf_type: string, pvf_example: an alarm clock}, verb: {pvf_type: string, pvf_example: Carry}}}
Turn left	{package_name: ta_manoeuvre, input_parameters: {direction: {pvf_type: string, pvf_example: left}, verb: {pvf_type: string, pvf_example: turn}}}
and go forward to the desk.	{package_name: ta_navigation, input_parameters: {location: {pvf_type: string, pvf_example: to the desk}, verb: {pvf_type: string, pvf_example: go}}}
Turn the lamp on	{package_name: ta_toggle, input_parameters: {object: {pvf_type: string, pvf_example: lamp}, state: {pvf_type: string, pvf_example: on}, verb: {pvf_type: string, pvf_example: Turn}}}
Turn around 	{package_name: ta_manoeuvre, input_parameters: {direction: {pvf_type: string, pvf_example: around}, verb: {pvf_type: string, pvf_example: Turn}}}
and go to the back right corner of the room.	{package_name: ta_navigation, input_parameters: {location: {pvf_type: string, pvf_example: to the back right corner of the room}, verb: {pvf_type: string, pvf_example: go}}}
Pick up the basketball that is to the right of the box	{package_name: ta_pickup, input_parameters: {locale: {pvf_type: string, pvf_example: to the right of the box}, object: {pvf_type: string, pvf_example: basketball}, verb: {pvf_type: string, pvf_example: Pick up}}}
Turn around	{package_name: ta_manoeuvre, input_parameters: {direction: {pvf_type: string, pvf_example: around}, verb: {pvf_type: string, pvf_example: Turn}}}
and go to the dresser on your right	{package_name: ta_navigation, input_parameters: {location: {pvf_type: string, pvf_example: to the dresser on your right}, verb: {pvf_type: string, pvf_example: go}}}
Turn on the lamp while holding a basketball	{package_name: ta_toggle, input_parameters: {object: {pvf_type: string, pvf_example: the lamp}, state: {pvf_type: string, pvf_example: on}, verb: {pvf_type: string, pvf_example: Turn}}}
Turn to the left	{package_name: ta_manoeuvre, input_parameters: {direction: {pvf_type: string, pvf_example: left}, verb: {pvf_type: string, pvf_example: Turn}}}
Pick up the basketball that is next to the empty box on the floor	{package_name: ta_pickup, input_parameters: {locale: {pvf_type: string, pvf_example: next to the empty box on the floor}, object: {pvf_type: string, pvf_example: the basketball}, verb: {pvf_type: string, pvf_example: Pick up}}}
Turn to the left 	{package_name: ta_manoeuvre, input_parameters: {direction: {pvf_type: string, pvf_example: left}, verb: {pvf_type: string, pvf_example: Turn}}}
then turn right toward the bedside table.	{package_name: ta_manoeuvre, input_parameters: {direction: {pvf_type: string, pvf_example: right}, extent: {pvf_type: string, pvf_example: toward the bedside table}, verb: {pvf_type: string, pvf_example: turn}}}
and walk across the room to the bed	{package_name: ta_navigation, input_parameters: {location: {pvf_type: string, pvf_example: to the bed}, verb: {pvf_type: string, pvf_example: walk}}}
Turn on the lamp that is next to the alarm clock	{package_name: ta_toggle, input_parameters: {locale: {pvf_type: string, pvf_example: that is next to the alarm clock}, object: {pvf_type: string, pvf_example: the lamp}, state: {pvf_type: string, pvf_example: on}, verb: {pvf_type: string, pvf_example: Turn}}}
To see the basketball in the light	{package_name: ta_survey, input_parameters: {object: {pvf_type: string, pvf_example: basketball}, verb: {pvf_type: string, pvf_example: see}}}
Pick up the alarm clock on the edge of the desk.	{package_name: ta_pickup, input_parameters: {locale: {pvf_type: string, pvf_example: on the edge of the desk}, object: {pvf_type: string, pvf_example: the alarm clock}, verb: {pvf_type: string, pvf_example: Pick up}}}
Turn left	{package_name: ta_manoeuvre, input_parameters: {direction: {pvf_type: string, pvf_example: left}, verb: {pvf_type: string, pvf_example: turn}}}
walk to the basketball	{package_name: ta_navigation, input_parameters: {location: {pvf_type: string, pvf_example: to the basketball}, verb: {pvf_type: string, pvf_example: walk}}}
Pick the basketball up on the ground	{package_name: ta_pickup, input_parameters: {locale: {pvf_type: string, pvf_example: on the ground}, object: {pvf_type: string, pvf_example: the basketball}, verb: {pvf_type: string, pvf_example: Pick}}}
Turn around,	{package_name: ta_manoeuvre, input_parameters: {direction: {pvf_type: string, pvf_example: around}, verb: {pvf_type: string, pvf_example: Turn}}}
turn right	{package_name: ta_manoeuvre, input_parameters: {direction: {pvf_type: string, pvf_example: right}, verb: {pvf_type: string, pvf_example: Turn}}}
walk to the dresser with a lamp on it	{package_name: ta_navigation, input_parameters: {location: {pvf_type: string, pvf_example: to the dresser with a lamp on it}, verb: {pvf_type: string, pvf_example: walk}}}
Turn on the lamp	{package_name: ta_toggle, input_parameters: {object: {pvf_type: string, pvf_example: the lamp}, state: {pvf_type: string, pvf_example: on}, verb: {pvf_type: string, pvf_example: Turn}}}
Grab the basketball in the corner	{package_name: ta_pickup, input_parameters: {locale: {pvf_type: string, pvf_example: in the corner}, object: {pvf_type: string, pvf_example: the basketball}, verb: {pvf_type: string, pvf_example: Grab}}}
turn on the lamp	{package_name: ta_toggle, input_parameters: {object: {pvf_type: string, pvf_example: lamp}, state: {pvf_type: string, pvf_example: on}, verb: {pvf_type: string, pvf_example: turn}}}
Turn left	{package_name: ta_manoeuvre, input_parameters: {direction: {pvf_type: string, pvf_example: left}, verb: {pvf_type: string, pvf_example: turn}}}
walk straight toward the box on the floor.	{package_name: ta_navigation, input_parameters: {location: {pvf_type: string, pvf_example: toward the box on the floor}, verb: {pvf_type: string, pvf_example: walk}}}
pick up the basketball beside the box.	{package_name: ta_pickup, input_parameters: {locale: {pvf_type: string, pvf_example: beside the box}, object: {pvf_type: string, pvf_example: basketball}, verb: {pvf_type: string, pvf_example: pick up}}}
Turn around	{package_name: ta_manoeuvre, input_parameters: {direction: {pvf_type: string, pvf_example: around}, verb: {pvf_type: string, pvf_example: Turn}}}
turn left	{package_name: ta_manoeuvre, input_parameters: {direction: {pvf_type: string, pvf_example: left}, verb: {pvf_type: string, pvf_example: turn}}}
and walk toward the bed	{package_name: ta_navigation, input_parameters: {location: {pvf_type: string, pvf_example: toward the bed}, verb: {pvf_type: string, pvf_example: walk}}}
to face the small cabinet	{package_name: ta_orient, input_parameters: {landmark: {pvf_type: string, pvf_example: the small cabinet}, verb: {pvf_type: string, pvf_example: face}}}
Turn around	{package_name: ta_manoeuvre, input_parameters: {direction: {pvf_type: string, pvf_example: Turn}, verb: {pvf_type: string, pvf_example: around}}}
turn left	{package_name: ta_manoeuvre, input_parameters: {direction: {pvf_type: string, pvf_example: left}, verb: {pvf_type: string, pvf_example: turn}}}
and walk toward the bed	{package_name: ta_navigation, input_parameters: {location: {pvf_type: string, pvf_example: toward the bed}, verb: {pvf_type: string, pvf_example: walk}}}
to face the small cabinet	{package_name: ta_orient, input_parameters: {landmark: {pvf_type: string, pvf_example: the small cabinet}, verb: {pvf_type: string, pvf_example: face}}}
Turn on the lamp on the cabinet	{package_name: ta_toggle, input_parameters: {locale: {pvf_type: string, pvf_example: the cabinet}, object: {pvf_type: string, pvf_example: the lamp}, state: {pvf_type: string, pvf_example: on}, verb: {pvf_type: string, pvf_example: Turn}}}
Turn around	{package_name: ta_manoeuvre, input_parameters: {direction: {pvf_type: string, pvf_example: around}, verb: {pvf_type: string, pvf_example: turn}}}
then turn right	{package_name: ta_manoeuvre, input_parameters: {direction: {pvf_type: string, pvf_example: right}, verb: {pvf_type: string, pvf_example: turn}}}
turn right	{package_name: ta_manoeuvre, input_parameters: {direction: {pvf_type: string, pvf_example: right}, verb: {pvf_type: string, pvf_example: turn}}}
step forward	{package_name: ta_manoeuvre, input_parameters: {direction: {pvf_type: string, pvf_example: forward}, verb: {pvf_type: string, pvf_example: step}}}
and go towards the bed	{package_name: ta_navigation, input_parameters: {location: {pvf_type: string, pvf_example: the bed}, verb: {pvf_type: string, pvf_example: go}}}
to face the desk	{package_name: ta_orient, input_parameters: {landmark: {pvf_type: string, pvf_example: desk}, verb: {pvf_type: string, pvf_example: face}}}
Turn on a lamp on a cabinet with a basketball in hand	{package_name: ta_toggle, input_parameters: {locale: {pvf_type: string, pvf_example: the cabinet}, object: {pvf_type: string, pvf_example: the lamp}, state: {pvf_type: string, pvf_example: on}, verb: {pvf_type: string, pvf_example: Turn}}}
Turn to the left	{package_name: ta_manoeuvre, input_parameters: {direction: {pvf_type: string, pvf_example: left}, verb: {pvf_type: string, pvf_example: Turn}}}
 and find the box and basketball	{package_name: ta_survey, input_parameters: {object: {pvf_type: string, pvf_example: the box and basketball}, verb: {pvf_type: string, pvf_example: find}}}
Pick up the basketball from the floor.	{package_name: ta_pickup, input_parameters: {locale: {pvf_type: string, pvf_example: from the floor}, object: {pvf_type: string, pvf_example: the basketball}, verb: {pvf_type: string, pvf_example: Pick up}}}
turn around to the right and find the dresser.	{package_name: ta_manoeuvre, input_parameters: {direction: {pvf_type: string, pvf_example: right}, extent: {pvf_type: string, pvf_example: to the right and find the dresser}, verb: {pvf_type: string, pvf_example: turn}}}
Turn on the lamp on top of the dresser	{package_name: ta_toggle, input_parameters: {locale: {pvf_type: string, pvf_example: on top of the dresser}, object: {pvf_type: string, pvf_example: the lamp}, state: {pvf_type: string, pvf_example: on}, verb: {pvf_type: string, pvf_example: Turn}}}
Turning on a lamp across the room	{package_name: ta_toggle, input_parameters: {locale: {pvf_type: string, pvf_example: across the room}, object: {pvf_type: string, pvf_example: a lamp}, state: {pvf_type: string, pvf_example: on}, verb: {pvf_type: string, pvf_example: Turning}}}
Turn around	{package_name: ta_manoeuvre, input_parameters: {direction: {pvf_type: string, pvf_example: around}, verb: {pvf_type: string, pvf_example: Turn}}}
then turn left.	{package_name: ta_manoeuvre, input_parameters: {direction: {pvf_type: string, pvf_example: left}, verb: {pvf_type: string, pvf_example: turn}}}
and go to the wall	{package_name: ta_navigation, input_parameters: {location: {pvf_type: string, pvf_example: to the wall}, verb: {pvf_type: string, pvf_example: go}}}
toward the baseball bat	{package_name: ta_navigation, input_parameters: {location: {pvf_type: string, pvf_example: the baseball bat}, verb: {pvf_type: string, pvf_example: toward}}}
Pick up the basketball from the floor, to the right of the box.	{package_name: ta_pickup, input_parameters: {locale: {pvf_type: string, pvf_example: from the floor, to the right of the box}, object: {pvf_type: string, pvf_example: the basketball}, verb: {pvf_type: string, pvf_example: Pick up}}}
Turn around 	{package_name: ta_manoeuvre, input_parameters: {direction: {pvf_type: string, pvf_example: around}, verb: {pvf_type: string, pvf_example: Turn}}}
then turn right at the desk with the lamp	{package_name: ta_manoeuvre, input_parameters: {direction: {pvf_type: string, pvf_example: right}, extent: {pvf_type: string, pvf_example: at the desk with the lamp}, verb: {pvf_type: string, pvf_example: turn}}}
and go toward the bed	{package_name: ta_navigation, input_parameters: {location: {pvf_type: string, pvf_example: toward the bed}, verb: {pvf_type: string, pvf_example: go}}}
Turn on the lamp.	{package_name: ta_toggle, input_parameters: {object: {pvf_type: string, pvf_example: the lamp}, state: {pvf_type: string, pvf_example: on}, verb: {pvf_type: string, pvf_example: Turn}}}
Examine a basketball in the light	{package_name: ta_survey, input_parameters: {object: {pvf_type: string, pvf_example: a basketball}, verb: {pvf_type: string, pvf_example: Examine}}}
Turn on the lamp	{package_name: ta_toggle, input_parameters: {locale: {pvf_type: string, pvf_example: the edge of the desk}, object: {pvf_type: string, pvf_example: the lamp}, state: {pvf_type: string, pvf_example: on}, verb: {pvf_type: string, pvf_example: Turn}}}
turn around 	{package_name: ta_manoeuvre, input_parameters: {direction: {pvf_type: string, pvf_example: around}, verb: {pvf_type: string, pvf_example: turn}}}
turn left	{package_name: ta_manoeuvre, input_parameters: {direction: {pvf_type: string, pvf_example: left}, verb: {pvf_type: string, pvf_example: turn}}}
and walk towards the wall behind you	{package_name: ta_navigation, input_parameters: {location: {pvf_type: string, pvf_example: towards the wall behind you}, verb: {pvf_type: string, pvf_example: walk}}}
and face the basketball in the corner	{package_name: ta_orient, input_parameters: {landmark: {pvf_type: string, pvf_example: the basketball in the corner}, verb: {pvf_type: string, pvf_example: face}}}
pick the basketball up that is in the corner	{package_name: ta_pickup, input_parameters: {locale: {pvf_type: string, pvf_example: in the corner}, object: {pvf_type: string, pvf_example: the basketball}, verb: {pvf_type: string, pvf_example: pick}}}
turn around	{package_name: ta_manoeuvre, input_parameters: {direction: {pvf_type: string, pvf_example: around}, verb: {pvf_type: string, pvf_example: turn}}}
and walk back towards the bed	{package_name: ta_navigation, input_parameters: {location: {pvf_type: string, pvf_example: towards the bed}, verb: {pvf_type: string, pvf_example: walk}}}
and face the small table to the right	{package_name: ta_orient, input_parameters: {landmark: {pvf_type: string, pvf_example: the small table to the right}, verb: {pvf_type: string, pvf_example: face}}}
stop 	{package_name: ta_stop, input_parameters: {verb: {pvf_type: string, pvf_example: stop}}}
turn on the lamp that is on the table	{package_name: ta_toggle, input_parameters: {locale: {pvf_type: string, pvf_example: on the table}, object: {pvf_type: string, pvf_example: the lamp}, state: {pvf_type: string, pvf_example: on}, verb: {pvf_type: string, pvf_example: turn}}}
and turn the lamp on	{package_name: ta_toggle, input_parameters: {object: {pvf_type: string, pvf_example: the lamp}, state: {pvf_type: string, pvf_example: on}, verb: {pvf_type: string, pvf_example: turn}}}
take a basketball to the table 	{package_name: ta_transport, input_parameters: {location: {pvf_type: string, pvf_example: to the table}, object: {pvf_type: string, pvf_example: basketball}, verb: {pvf_type: string, pvf_example: take}}}
Move to the corner of the room to the right of the window	{package_name: ta_navigation, input_parameters: {location: {pvf_type: string, pvf_example:  to the corner of the room to the right of the window}, verb: {pvf_type: string, pvf_example: Move}}}
Pick up the basketball from the floor	{package_name: ta_pickup, input_parameters: {locale: {pvf_type: string, pvf_example: from the floor}, object: {pvf_type: string, pvf_example: basketball}, verb: {pvf_type: string, pvf_example: Pick up}}}
Move to the drawers next to the bed to your left	{package_name: ta_navigation, input_parameters: {location: {pvf_type: string, pvf_example: to the drawers next to the bed to your left}, verb: {pvf_type: string, pvf_example: Move}}}
Turn on the lamp on the drawers	{package_name: ta_toggle, input_parameters: {locale: {pvf_type: string, pvf_example: the drawers}, object: {pvf_type: string, pvf_example: the lamp}, state: {pvf_type: string, pvf_example: on}, verb: {pvf_type: string, pvf_example: Turn}}}
Inspect the basketball with the lamp on the drawers.	{package_name: ta_survey, input_parameters: {object: {pvf_type: string, pvf_example: the basketball}, verb: {pvf_type: string, pvf_example: Inspect}}}
Turn right 	{package_name: ta_manoeuvre, input_parameters: {direction: {pvf_type: string, pvf_example: right}, verb: {pvf_type: string, pvf_example: Turn}}}
and turn right	{package_name: ta_manoeuvre, input_parameters: {direction: {pvf_type: string, pvf_example: right}, verb: {pvf_type: string, pvf_example: turn}}}
and take a step	{package_name: ta_manoeuvre, input_parameters: {distance: {amount: {pvf_type: number, pvf_example: a}, unit: {pvf_type: string, pvf_example: step}}, verb: {pvf_type: string, pvf_example: take}}}
then take a step to your right	{package_name: ta_manoeuvre, input_parameters: {direction: {pvf_type: string, pvf_example: right}, distance: {amount: {pvf_type: number, pvf_example: a}, unit: {pvf_type: string, pvf_example: step}}, verb: {pvf_type: string, pvf_example: take}}}
then walk past the bed 	{package_name: ta_navigation, input_parameters: {location: {pvf_type: string, pvf_example: past the bed}, verb: {pvf_type: string, pvf_example: walk}}}
and walk to the dresser	{package_name: ta_navigation, input_parameters: {location: {pvf_type: string, pvf_example: to the dresser}, verb: {pvf_type: string, pvf_example: walk}}}
Look at an alarm clock in the light	{package_name: ta_survey, input_parameters: {object: {pvf_type: string, pvf_example: alarm clock}, verb: {pvf_type: string, pvf_example: Look}}}
Turn right	{package_name: ta_manoeuvre, input_parameters: {direction: {pvf_type: string, pvf_example: right}, verb: {pvf_type: string, pvf_example: Turn}}}
and walk around the end of the bed to the right side of the desk	{package_name: ta_navigation, input_parameters: {location: {pvf_type: string, pvf_example: to the right side of the desk}, verb: {pvf_type: string, pvf_example: walk}}}
Pick up the basketball from the floor beside the desk	{package_name: ta_pickup, input_parameters: {locale: {pvf_type: string, pvf_example: from the floor}, object: {pvf_type: string, pvf_example: basketball}, verb: {pvf_type: string, pvf_example: Pick up}}}
Pick up the basketball from the floor	{package_name: ta_pickup, input_parameters: {locale: {pvf_type: string, pvf_example: from the floor}, object: {pvf_type: string, pvf_example: basketball}, verb: {pvf_type: string, pvf_example: Pick up}}}
Turn on the lamp on the desk	{package_name: ta_toggle, input_parameters: {locale: {pvf_type: string, pvf_example: the desk}, object: {pvf_type: string, pvf_example: lamp}, state: {pvf_type: string, pvf_example: on}, verb: {pvf_type: string, pvf_example: Turn}}}
Examine the basketball under the light of the lamp	{package_name: ta_survey, input_parameters: {object: {pvf_type: string, pvf_example: basketball}, verb: {pvf_type: string, pvf_example: Examine}}}
Turn around 	{package_name: ta_manoeuvre, input_parameters: {direction: {pvf_type: string, pvf_example: around}, verb: {pvf_type: string, pvf_example: Turn}}}
and walk across the room	{package_name: ta_navigation, input_parameters: {location: {pvf_type: string, pvf_example: across the room}, verb: {pvf_type: string, pvf_example: walk}}}
Pick up the basketball on the floor between the desk and the bed	{package_name: ta_pickup, input_parameters: {locale: {pvf_type: string, pvf_example: on the floor between the desk and the bed}, object: {pvf_type: string, pvf_example: the basketball}, verb: {pvf_type: string, pvf_example: Pick up}}}
Turn on the light on the top of the desk	{package_name: ta_toggle, input_parameters: {locale: {pvf_type: string, pvf_example: on top of the desk}, object: {pvf_type: string, pvf_example: the light}, state: {pvf_type: string, pvf_example: on}, verb: {pvf_type: string, pvf_example: Turn}}}
To see the basketball in the light	{package_name: ta_survey, input_parameters: {object: {pvf_type: string, pvf_example: basketball}, verb: {pvf_type: string, pvf_example: see}}}
Turn right	{package_name: ta_manoeuvre, input_parameters: {direction: {pvf_type: string, pvf_example: right}, verb: {pvf_type: string, pvf_example: Turn}}}
walk straight	{package_name: ta_manoeuvre, input_parameters: {direction: {pvf_type: string, pvf_example: straight}, verb: {pvf_type: string, pvf_example: walk}}}
turn right	{package_name: ta_manoeuvre, input_parameters: {direction: {pvf_type: string, pvf_example: right}, verb: {pvf_type: string, pvf_example: turn}}}
walk straight to the desk.	{package_name: ta_navigation, input_parameters: {location: {pvf_type: string, pvf_example: to the desk}, verb: {pvf_type: string, pvf_example: walk}}}
to face the desk	{package_name: ta_orient, input_parameters: {landmark: {pvf_type: string, pvf_example: the desk}, verb: {pvf_type: string, pvf_example: face}}}
Pick up the alarm clock that's in front of you	{package_name: ta_pickup, input_parameters: {locale: {pvf_type: string, pvf_example: that's in front of you}, object: {pvf_type: string, pvf_example: the alarm clock}, verb: {pvf_type: string, pvf_example: Pick up}}}
Pick up the basketball from the floor.	{package_name: ta_pickup, input_parameters: {locale: {pvf_type: string, pvf_example: from the floor}, object: {pvf_type: string, pvf_example: the basketball}, verb: {pvf_type: string, pvf_example: Pick up}}}
Turn on the lamp	{package_name: ta_toggle, input_parameters: {object: {pvf_type: string, pvf_example: the lamp}, state: {pvf_type: string, pvf_example: on}, verb: {pvf_type: string, pvf_example: Turn}}}
Turn on the lamp with a basketball in hand.	{package_name: ta_toggle, input_parameters: {object: {pvf_type: string, pvf_example: the lamp}, state: {pvf_type: string, pvf_example: on}, verb: {pvf_type: string, pvf_example: Turn}}}
turn around to the night stand	{package_name: ta_manoeuvre, input_parameters: {direction: {pvf_type: string, pvf_example: around}, extent: {pvf_type: string, pvf_example: to the night stand}, verb: {pvf_type: string, pvf_example: turn}}}
grab the basketball on the floor	{package_name: ta_pickup, input_parameters: {locale: {pvf_type: string, pvf_example: on the floor}, object: {pvf_type: string, pvf_example: the basketball}, verb: {pvf_type: string, pvf_example: grab}}}
turn up to the top of the night stand	{package_name: ta_manoeuvre, input_parameters: {direction: {pvf_type: string, pvf_example: up}, extent: {pvf_type: string, pvf_example: to the top of the night stand}, verb: {pvf_type: string, pvf_example: turn}}}
turn on the lamp on the night stand	{package_name: ta_toggle, input_parameters: {locale: {pvf_type: string, pvf_example: the night stand}, object: {pvf_type: string, pvf_example: the lamp}, state: {pvf_type: string, pvf_example: on}, verb: {pvf_type: string, pvf_example: turn}}}
grab the basketball on the floor	{package_name: ta_pickup, input_parameters: {locale: {pvf_type: string, pvf_example: on the floor}, object: {pvf_type: string, pvf_example: the basketball}, verb: {pvf_type: string, pvf_example: grab}}}
turn on the lamp 	{package_name: ta_toggle, input_parameters: {object: {pvf_type: string, pvf_example: the lamp}, state: {pvf_type: string, pvf_example: on}, verb: {pvf_type: string, pvf_example: turn}}}
Turn around 	{package_name: ta_manoeuvre, input_parameters: {direction: {pvf_type: string, pvf_example: around}, verb: {pvf_type: string, pvf_example: Turn}}}
and stand in front of the dresser next to the bed.	{package_name: ta_orient, input_parameters: {landmark: {pvf_type: string, pvf_example: in front of the dresser next to the bed}, verb: {pvf_type: string, pvf_example: stand}}}
Pick up the basketball from the floor	{package_name: ta_pickup, input_parameters: {locale: {pvf_type: string, pvf_example: from the floor}, object: {pvf_type: string, pvf_example: basketball}, verb: {pvf_type: string, pvf_example: Pick up}}}
Turn around 	{package_name: ta_manoeuvre, input_parameters: {direction: {pvf_type: string, pvf_example: around}, verb: {pvf_type: string, pvf_example: turn}}}
then turn left 	{package_name: ta_manoeuvre, input_parameters: {direction: {pvf_type: string, pvf_example: left}, verb: {pvf_type: string, pvf_example: turn}}}
and walk past the bed 	{package_name: ta_navigation, input_parameters: {location: {pvf_type: string, pvf_example: past the bed}, verb: {pvf_type: string, pvf_example: walk}}}
and walk to the night stand.	{package_name: ta_navigation, input_parameters: {location: {pvf_type: string, pvf_example: to the night stand}, verb: {pvf_type: string, pvf_example: walk}}}
Turn on the light on the left side of the dresser	{package_name: ta_toggle, input_parameters: {locale: {pvf_type: string, pvf_example:  on the left side of the dresser}, object: {pvf_type: string, pvf_example: the light}, state: {pvf_type: string, pvf_example: on}, verb: {pvf_type: string, pvf_example: Turn}}}
Turn on a light with a ball in hand.	{package_name: ta_toggle, input_parameters: {object: {pvf_type: string, pvf_example: a light}, state: {pvf_type: string, pvf_example: on}, verb: {pvf_type: string, pvf_example: Turn}}}
turn to the right	{package_name: ta_manoeuvre, input_parameters: {direction: {pvf_type: string, pvf_example: right}, verb: {pvf_type: string, pvf_example: turn}}}
and take a step forward	{package_name: ta_manoeuvre, input_parameters: {direction: {pvf_type: string, pvf_example: forward}, distance: {amount: {pvf_type: number, pvf_example: a}, unit: {pvf_type: string, pvf_example: step}}, verb: {pvf_type: string, pvf_example: take}}}
and turn to the right	{package_name: ta_manoeuvre, input_parameters: {direction: {pvf_type: string, pvf_example: right}, verb: {pvf_type: string, pvf_example: turn}}}
and go forward to the basketball	{package_name: ta_manoeuvre, input_parameters: {direction: {pvf_type: string, pvf_example: forward}, extent: {pvf_type: string, pvf_example: to the basketball}, verb: {pvf_type: string, pvf_example: go}}}
and pick up the basket ball	{package_name: ta_pickup, input_parameters: {object: {pvf_type: string, pvf_example: basket ball}, verb: {pvf_type: string, pvf_example: pick up}}}
turn on the lamp on the desk	{package_name: ta_toggle, input_parameters: {locale: {pvf_type: string, pvf_example: on the desk}, object: {pvf_type: string, pvf_example: the lamp}, state: {pvf_type: string, pvf_example: on}, verb: {pvf_type: string, pvf_example: turn}}}
before passing the end of the bed turn to your left	{package_name: ta_manoeuvre, input_parameters: {direction: {pvf_type: string, pvf_example: left}, extent: {pvf_type: string, pvf_example: before passing the end of the bed}, verb: {pvf_type: string, pvf_example: turn}}}
Walk few step straight	{package_name: ta_manoeuvre, input_parameters: {direction: {pvf_type: string, pvf_example: straight}, distance: {amount: {pvf_type: number, pvf_example: few}, unit: {pvf_type: string, pvf_example: step}}, verb: {pvf_type: string, pvf_example: Walk}}}
Pick up the ball on the floor	{package_name: ta_pickup, input_parameters: {locale: {pvf_type: string, pvf_example: on the floor}, object: {pvf_type: string, pvf_example: the ball}, verb: {pvf_type: string, pvf_example: Pick up}}}
walk few step towards the table	{package_name: ta_manoeuvre, input_parameters: {distance: {amount: {pvf_type: number, pvf_example: few}, unit: {pvf_type: string, pvf_example: step}}, extent: {pvf_type: string, pvf_example: towards the table}, verb: {pvf_type: string, pvf_example: walk}}}
Turn on the lamp	{package_name: ta_toggle, input_parameters: {object: {pvf_type: string, pvf_example: the lamp}, state: {pvf_type: string, pvf_example: on}, verb: {pvf_type: string, pvf_example: Turn}}}
Examine the ball by the light of the lamp	{package_name: ta_survey, input_parameters: {object: {pvf_type: string, pvf_example: ball}, verb: {pvf_type: string, pvf_example: Examine}}}
Turn on the light that's on the desk.	{package_name: ta_toggle, input_parameters: {locale: {pvf_type: string, pvf_example: that's on the desk}, object: {pvf_type: string, pvf_example: the light}, state: {pvf_type: string, pvf_example: on}, verb: {pvf_type: string, pvf_example: Turn}}}
Walk to the basketball on the floor by the bed.	{package_name: ta_navigation, input_parameters: {location: {pvf_type: string, pvf_example: to the basketball on the floor by the bed.}, verb: {pvf_type: string, pvf_example: Walk}}}
Pick up the basketball from the floor.	{package_name: ta_pickup, input_parameters: {locale: {pvf_type: string, pvf_example: from the floor}, object: {pvf_type: string, pvf_example: the basketball}, verb: {pvf_type: string, pvf_example: Pick up}}}
Face the lamp on the dresser in front of you.	{package_name: ta_orient, input_parameters: {landmark: {pvf_type: string, pvf_example: the lamp on the dresser in front of you.}, verb: {pvf_type: string, pvf_example: Face}}}
Turn on the lamp.	{package_name: ta_toggle, input_parameters: {object: {pvf_type: string, pvf_example: the lamp}, state: {pvf_type: string, pvf_example: on}, verb: {pvf_type: string, pvf_example: Turn}}}
Examine a basketball by the light of a desk lamp.	{package_name: ta_survey, input_parameters: {object: {pvf_type: string, pvf_example: a basketball}, verb: {pvf_type: string, pvf_example: Examine}}}
Turn to the left	{package_name: ta_manoeuvre, input_parameters: {direction: {pvf_type: string, pvf_example: left}, verb: {pvf_type: string, pvf_example: Turn}}}
and walk to the desk	{package_name: ta_navigation, input_parameters: {location: {pvf_type: string, pvf_example: to the desk}, verb: {pvf_type: string, pvf_example: walk}}}
Take the basketball on the floor between the desk and the bed	{package_name: ta_pickup, input_parameters: {locale: {pvf_type: string, pvf_example: on the floor between the desk and the bed}, object: {pvf_type: string, pvf_example: basketball}, verb: {pvf_type: string, pvf_example: Take}}}
Turn on the lamp on the right corner of the desk.	{package_name: ta_toggle, input_parameters: {locale: {pvf_type: string, pvf_example: on the right corner of the desk}, object: {pvf_type: string, pvf_example: the lamp}, state: {pvf_type: string, pvf_example: on}, verb: {pvf_type: string, pvf_example: Turn}}}
To view the basketball in the lamp light.	{package_name: ta_survey, input_parameters: {object: {pvf_type: string, pvf_example: basketball}, verb: {pvf_type: string, pvf_example: view}}}
Turn right	{package_name: ta_manoeuvre, input_parameters: {direction: {pvf_type: string, pvf_example: right}, verb: {pvf_type: string, pvf_example: Turn}}}
to find a basketball beneath the desk.	{package_name: ta_orient, input_parameters: {landmark: {pvf_type: string, pvf_example: a basketball beneath the desk}, verb: {pvf_type: string, pvf_example: find}}}
Inspect a clock by lamp light.	{package_name: ta_survey, input_parameters: {object: {pvf_type: string, pvf_example: a clock}, verb: {pvf_type: string, pvf_example: Inspect}}}
Pick up the basketball from the floor.	{package_name: ta_pickup, input_parameters: {locale: {pvf_type: string, pvf_example: from the floor}, object: {pvf_type: string, pvf_example: the basketball}, verb: {pvf_type: string, pvf_example: Pick up}}}
Turn left towards the bed	{package_name: ta_manoeuvre, input_parameters: {direction: {pvf_type: string, pvf_example: left}, extent: {pvf_type: string, pvf_example: towards the bed}, verb: {pvf_type: string, pvf_example: Turn}}}
and then turn left towards the lamp on your right.	{package_name: ta_manoeuvre, input_parameters: {direction: {pvf_type: string, pvf_example: left}, extent: {pvf_type: string, pvf_example: towards the lamp on your right}, verb: {pvf_type: string, pvf_example: turn}}}
walk to the edge of the bed	{package_name: ta_navigation, input_parameters: {location: {pvf_type: string, pvf_example: to the edge of the bed}, verb: {pvf_type: string, pvf_example: walk}}}
Turn on the lamp.	{package_name: ta_toggle, input_parameters: {object: {pvf_type: string, pvf_example: the lamp}, state: {pvf_type: string, pvf_example: on}, verb: {pvf_type: string, pvf_example: Turn}}}
Examine a basketball next to the light of a lamp.	{package_name: ta_survey, input_parameters: {object: {pvf_type: string, pvf_example: basketball}, verb: {pvf_type: string, pvf_example: Examine}}}
Turn right	{package_name: ta_manoeuvre, input_parameters: {direction: {pvf_type: string, pvf_example: right}, verb: {pvf_type: string, pvf_example: Turn}}}
go straight to the desk.	{package_name: ta_navigation, input_parameters: {location: {pvf_type: string, pvf_example: straight to the desk}, verb: {pvf_type: string, pvf_example: go}}}
Take the basketball from under the desk.	{package_name: ta_pickup, input_parameters: {locale: {pvf_type: string, pvf_example: from under the desk}, object: {pvf_type: string, pvf_example: the basketball}, verb: {pvf_type: string, pvf_example: Take}}}
Turn left	{package_name: ta_manoeuvre, input_parameters: {direction: {pvf_type: string, pvf_example: left}, verb: {pvf_type: string, pvf_example: Turn}}}
turn right	{package_name: ta_manoeuvre, input_parameters: {direction: {pvf_type: string, pvf_example: right}, verb: {pvf_type: string, pvf_example: turn}}}
 go straight	{package_name: ta_manoeuvre, input_parameters: {direction: {pvf_type: string, pvf_example: straight}, verb: {pvf_type: string, pvf_example: go}}}
when the desk is to the left turn left	{package_name: ta_manoeuvre, input_parameters: {direction: {pvf_type: string, pvf_example: left}, extent: {pvf_type: string, pvf_example: when the desk is to the left}, verb: {pvf_type: string, pvf_example: turn}}}
go to the bed	{package_name: ta_navigation, input_parameters: {location: {pvf_type: string, pvf_example: to the bed}, verb: {pvf_type: string, pvf_example: go}}}
go to straight to the desk	{package_name: ta_navigation, input_parameters: {location: {pvf_type: string, pvf_example: to the desk}, verb: {pvf_type: string, pvf_example: go}}}
Turn the lamp on the desk on.	{package_name: ta_toggle, input_parameters: {locale: {pvf_type: string, pvf_example: the desk}, object: {pvf_type: string, pvf_example: the lamp}, state: {pvf_type: string, pvf_example: on}, verb: {pvf_type: string, pvf_example: Turn}}}
Inspect a basketball near a lit lamp.	{package_name: ta_survey, input_parameters: {object: {pvf_type: string, pvf_example: a basketball}, verb: {pvf_type: string, pvf_example: Inspect}}}
Turn around	{package_name: ta_manoeuvre, input_parameters: {direction: {pvf_type: string, pvf_example: around}, verb: {pvf_type: string, pvf_example: Turn}}}
and face the end of the white table.	{package_name: ta_orient, input_parameters: {landmark: {pvf_type: string, pvf_example: the end of the white table}, verb: {pvf_type: string, pvf_example: face}}}
Turn right	{package_name: ta_manoeuvre, input_parameters: {direction: {pvf_type: string, pvf_example: right}, verb: {pvf_type: string, pvf_example: Turn}}}
then turn right	{package_name: ta_manoeuvre, input_parameters: {direction: {pvf_type: string, pvf_example: right}, verb: {pvf_type: string, pvf_example: turn}}}
walk to the door	{package_name: ta_navigation, input_parameters: {extent: {pvf_type: string}, location: {pvf_type: string, pvf_example: to the door}, verb: {pvf_type: string, pvf_example: walk}}}
and walk forward to the alarm clock near the window.	{package_name: ta_navigation, input_parameters: {location: {pvf_type: string, pvf_example: to the alarm clock near the window}, verb: {pvf_type: string, pvf_example: walk}}}
Pick the basketball up from under the table.	{package_name: ta_pickup, input_parameters: {locale: {pvf_type: string, pvf_example: from under the table}, object: {pvf_type: string, pvf_example: the basketball}, verb: {pvf_type: string, pvf_example: Pick}}}
Go left to the desk next to the bed.	{package_name: ta_manoeuvre, input_parameters: {direction: {pvf_type: string, pvf_example: left}, extent: {pvf_type: string, pvf_example: to the desk next to the bed}, verb: {pvf_type: string, pvf_example: Go}}}
Turn the lamp on the desk on.	{package_name: ta_toggle, input_parameters: {locale: {pvf_type: string, pvf_example: the desk}, object: {pvf_type: string, pvf_example: the lamp}, state: {pvf_type: string, pvf_example: on}, verb: {pvf_type: string, pvf_example: Turn}}}
Turn a lamp on with a basketball in hand.	{package_name: ta_toggle, input_parameters: {object: {pvf_type: string, pvf_example: a lamp}, state: {pvf_type: string, pvf_example: on}, verb: {pvf_type: string, pvf_example: Turn}}}
Turn right	{package_name: ta_manoeuvre, input_parameters: {direction: {pvf_type: string, pvf_example: right}, verb: {pvf_type: string, pvf_example: Turn}}}
and walk slightly forward to the basketball on the floor.	{package_name: ta_manoeuvre, input_parameters: {direction: {pvf_type: string, pvf_example: forward}, distance: {amount: {pvf_type: number, pvf_example: slightly}, unit: {pvf_type: string}}, extent: {pvf_type: string, pvf_example: to the basketball on the floor}, verb: {pvf_type: string, pvf_example: walk}}}
Pick up the basketball from the floor.	{package_name: ta_pickup, input_parameters: {locale: {pvf_type: string, pvf_example: from the floor}, object: {pvf_type: string, pvf_example: basketball}, verb: {pvf_type: string, pvf_example: Pick up}}}
Turn left	{package_name: ta_manoeuvre, input_parameters: {direction: {pvf_type: string, pvf_example: left}, verb: {pvf_type: string, pvf_example: Turn}}}
and walk to the front of the lamp on the desk by the wall.	{package_name: ta_navigation, input_parameters: {location: {pvf_type: string, pvf_example: walk to the front of the lamp on the desk by the wall}, verb: {pvf_type: string, pvf_example: walk}}}
Turn on the lamp.	{package_name: ta_toggle, input_parameters: {object: {pvf_type: string, pvf_example: the lamp}, state: {pvf_type: string, pvf_example: on}, verb: {pvf_type: string, pvf_example: Turn}}}
Examine a basketball by the light of a desk lamp.	{package_name: ta_survey, input_parameters: {object: {pvf_type: string, pvf_example: basketball}, verb: {pvf_type: string, pvf_example: Examine}}}
Turn around	{package_name: ta_manoeuvre, input_parameters: {direction: {pvf_type: string, pvf_example: around}, verb: {pvf_type: string, pvf_example: Turn}}}
then turn left to face the table.	{package_name: ta_manoeuvre, input_parameters: {direction: {pvf_type: string, pvf_example: left}, extent: {pvf_type: string, pvf_example: to face the table}, verb: {pvf_type: string, pvf_example: turn}}}
and walk across the room to the window	{package_name: ta_navigation, input_parameters: {location: {pvf_type: string, pvf_example: to the window}, verb: {pvf_type: string, pvf_example: walk}}}
